2 0.1083984375 0.126953125 0.095703125 0.05078125
2 0.3681640625 0.12890625 0.076171875 0.05078125
2 0.62109375 0.1279296875 0.07421875 0.060546875
2 0.87109375 0.1279296875 0.07421875 0.060546875
2 0.1201171875 0.376953125 0.076171875 0.06640625
2 0.37109375 0.380859375 0.07421875 0.0703125
2 0.6220703125 0.3798828125 0.056640625 0.056640625
2 0.87890625 0.3828125 0.05859375 0.05859375
2 0.1279296875 0.6357421875 0.056640625 0.056640625
2 0.380859375 0.6328125 0.05078125 0.0546875
2 0.623046875 0.6181640625 0.078125 0.072265625
2 0.8720703125 0.6201171875 0.068359375 0.068359375
2 0.1240234375 0.8701171875 0.068359375 0.072265625
2 0.3740234375 0.875 0.060546875 0.0703125
2 0.625 0.8779296875 0.0546875 0.068359375
2 0.8740234375 0.8779296875 0.048828125 0.064453125
