2 0.5009765625 0.5 0.111328125 0.0546875
2 0.5361328125 0.412109375 0.095703125 0.0546875
2 0.5068359375 0.6220703125 0.169921875 0.064453125
2 0.484375 0.6826171875 0.11328125 0.052734375
2 0.466796875 0.740234375 0.1171875 0.05078125
2 0.49609375 0.7939453125 0.1171875 0.048828125
2 0.517578125 0.8525390625 0.09375 0.064453125
2 0.8466796875 0.974609375 0.107421875 0.046875
2 0.845703125 0.91796875 0.12109375 0.05078125
2 0.833984375 0.8623046875 0.12890625 0.052734375
2 0.8212890625 0.8017578125 0.146484375 0.052734375
2 0.8349609375 0.734375 0.130859375 0.0546875
2 0.830078125 0.6787109375 0.13671875 0.048828125
2 0.8349609375 0.615234375 0.123046875 0.05078125
2 0.83984375 0.5556640625 0.11328125 0.060546875
2 0.84375 0.4765625 0.109375 0.0546875
2 0.9208984375 0.3623046875 0.119140625 0.052734375
