3 0.8046875 0.029296875 0.03125 0.02734375
3 0.587890625 0.880859375 0.02734375 0.01953125
3 0.56640625 0.890625 0.015625 0.015625
3 0.56640625 0.87109375 0.015625 0.0078125
3 0.6171875 0.888671875 0.03125 0.01953125
3 0.591796875 0.90625 0.02734375 0.015625
3 0.6171875 0.912109375 0.0234375 0.01953125
3 0.515625 0.7734375 0.0234375 0.015625
3 0.51953125 0.82421875 0.0234375 0.015625
3 0.544921875 0.83203125 0.01953125 0.015625
3 0.505859375 0.8671875 0.02734375 0.015625
3 0.546875 0.8671875 0.015625 0.015625
3 0.5234375 0.853515625 0.0234375 0.01953125
3 0.572265625 0.84765625 0.01953125 0.015625
3 0.5234375 0.80078125 0.015625 0.015625
3 0.5390625 0.802734375 0.015625 0.01171875
3 0.5546875 0.810546875 0.015625 0.01953125
4 0.890625 0.083984375 0.09375 0.02734375
4 0.87109375 0.1953125 0.0859375 0.0390625
