2 0.5009765625 0.5 0.107421875 0.078125
2 0.2431640625 0.4189453125 0.111328125 0.150390625
2 0.294921875 0.3544921875 0.09375 0.130859375
2 0.341796875 0.296875 0.09375 0.1328125
2 0.4296875 0.1572265625 0.1015625 0.119140625
2 0.4951171875 0.111328125 0.080078125 0.11328125
2 0.5478515625 0.4375 0.107421875 0.08203125
2 0.6640625 0.271484375 0.1015625 0.06640625
2 0.7138671875 0.20703125 0.150390625 0.1015625
2 0.763671875 0.1484375 0.12890625 0.08984375
2 0.810546875 0.09375 0.11328125 0.07421875
2 0.8408203125 0.037109375 0.103515625 0.06640625
2 0.609375 0.6337890625 0.09765625 0.123046875
2 0.6650390625 0.5888671875 0.087890625 0.115234375
2 0.7041015625 0.517578125 0.083984375 0.109375
2 0.748046875 0.4619140625 0.09375 0.126953125
2 0.7841796875 0.390625 0.080078125 0.10546875
2 0.833984375 0.3408203125 0.078125 0.111328125
2 0.8857421875 0.3037109375 0.064453125 0.099609375
2 0.92578125 0.22265625 0.078125 0.12109375
2 0.8916015625 0.69921875 0.099609375 0.078125
2 0.841796875 0.7470703125 0.08984375 0.064453125
2 0.8173828125 0.8125 0.095703125 0.07421875
2 0.767578125 0.869140625 0.10546875 0.0703125
2 0.94921875 0.8642578125 0.09765625 0.068359375
2 0.904296875 0.921875 0.10546875 0.0703125
