3 0.05859375 0.0859375 0.109375 0.1171875
3 0.216796875 0.080078125 0.12109375 0.11328125
3 0.1171875 0.185546875 0.125 0.10546875
3 0.369140625 0.189453125 0.12109375 0.12109375
3 0.275390625 0.302734375 0.12890625 0.11328125
3 0.48046875 0.28125 0.1171875 0.125
3 0.384765625 0.396484375 0.12890625 0.12890625
3 0.599609375 0.376953125 0.11328125 0.11328125
3 0.498046875 0.490234375 0.12890625 0.10546875
3 0.677734375 0.083984375 0.12109375 0.10546875
3 0.888671875 0.0703125 0.12109375 0.109375
3 0.802734375 0.171875 0.12109375 0.109375
