0 0.032 0.14200000000000002 0.062 0.056
0 0.1945 0.1395 0.037 0.117
0 0.651 0.3585 0.062 0.091
0 0.28700000000000003 0.3115 0.036000000000000004 0.081
0 0.3305 0.4385 0.039 0.057
0 0.188 0.4205 0.028 0.065
0 0.0635 0.385 0.065 0.05
0 0.077 0.552 0.046 0.07200000000000001
0 0.176 0.584 0.03 0.10200000000000001
0 0.443 0.531 0.026000000000000002 0.098
0 0.3545 0.6035 0.045 0.083
0 0.11800000000000001 0.779 0.052000000000000005 0.068
0 0.355 0.8175 0.044 0.077
0 0.6565 0.806 0.053 0.088
0 0.46950000000000003 0.894 0.049 0.07
0 0.23700000000000002 0.9415 0.066 0.075
0 0.08750000000000001 0.9415 0.067 0.053
