3 0.564453125 0.93359375 0.08203125 0.0859375
3 0.494140625 0.865234375 0.08984375 0.09765625
3 0.53125 0.763671875 0.078125 0.10546875
3 0.615234375 0.830078125 0.08203125 0.09765625
3 0.6796875 0.728515625 0.09375 0.10546875
3 0.59375 0.650390625 0.109375 0.09765625
3 0.4375 0.607421875 0.1171875 0.12109375
3 0.466796875 0.263671875 0.10546875 0.12890625
3 0.4140625 0.396484375 0.125 0.13671875
3 0.515625 0.484375 0.1171875 0.1171875
3 0.5859375 0.34375 0.109375 0.140625
3 0.701171875 0.513671875 0.12109375 0.13671875
3 0.76953125 0.369140625 0.1015625 0.12890625
3 0.87890625 0.48046875 0.09375 0.125
3 0.841796875 0.236328125 0.09765625 0.12890625
3 0.955078125 0.341796875 0.08984375 0.13671875
