2 0.1259765625 0.126953125 0.060546875 0.06640625
2 0.369140625 0.1337890625 0.0546875 0.072265625
2 0.6220703125 0.1357421875 0.064453125 0.072265625
2 0.8720703125 0.134765625 0.072265625 0.078125
2 0.125 0.3818359375 0.07421875 0.083984375
2 0.376953125 0.3818359375 0.08203125 0.083984375
2 0.6240234375 0.3837890625 0.076171875 0.068359375
2 0.873046875 0.3828125 0.07421875 0.05859375
2 0.1201171875 0.6337890625 0.072265625 0.052734375
2 0.373046875 0.6298828125 0.0859375 0.052734375
2 0.623046875 0.630859375 0.08203125 0.05078125
2 0.873046875 0.6328125 0.0859375 0.046875
2 0.123046875 0.884765625 0.07421875 0.03515625
2 0.3701171875 0.876953125 0.072265625 0.03515625
2 0.619140625 0.876953125 0.078125 0.0390625
2 0.8662109375 0.8740234375 0.080078125 0.041015625
