1 0.111328125 0.04296875 0.02734375 0.0390625
1 0.142578125 0.01953125 0.02734375 0.03125
1 0.171875 0.044921875 0.03125 0.03515625
1 0.197265625 0.015625 0.03515625 0.0234375
1 0.2265625 0.046875 0.0390625 0.046875
1 0.26171875 0.021484375 0.03125 0.03515625
1 0.287109375 0.052734375 0.03515625 0.05078125
1 0.3203125 0.021484375 0.03125 0.04296875
1 0.345703125 0.0546875 0.03515625 0.046875
1 0.37890625 0.021484375 0.03125 0.04296875
1 0.404296875 0.060546875 0.03515625 0.03515625
1 0.1015625 0.185546875 0.03125 0.04296875
1 0.1328125 0.1484375 0.0390625 0.0390625
1 0.16015625 0.181640625 0.046875 0.03515625
1 0.19140625 0.154296875 0.03125 0.03515625
1 0.21875 0.185546875 0.03125 0.03515625
1 0.25 0.15625 0.03125 0.03125
1 0.271484375 0.193359375 0.03515625 0.04296875
1 0.306640625 0.15625 0.03515625 0.046875
1 0.33203125 0.19140625 0.0390625 0.0390625
1 0.365234375 0.16015625 0.03515625 0.0390625
1 0.388671875 0.19921875 0.04296875 0.0390625
1 0.421875 0.1640625 0.0390625 0.046875
1 0.09765625 0.3125 0.0390625 0.03125
1 0.126953125 0.283203125 0.04296875 0.03515625
1 0.158203125 0.318359375 0.03515625 0.03515625
1 0.181640625 0.28515625 0.03515625 0.0390625
1 0.2109375 0.33203125 0.0390625 0.046875
1 0.2421875 0.294921875 0.0390625 0.04296875
1 0.27734375 0.330078125 0.0390625 0.04296875
1 0.30078125 0.296875 0.0390625 0.046875
1 0.33203125 0.3359375 0.046875 0.046875
1 0.35546875 0.296875 0.0390625 0.046875
1 0.388671875 0.333984375 0.04296875 0.03515625
1 0.416015625 0.29296875 0.04296875 0.0390625
1 0.08984375 0.45703125 0.03125 0.0390625
1 0.123046875 0.421875 0.02734375 0.0390625
1 0.150390625 0.458984375 0.02734375 0.04296875
1 0.181640625 0.421875 0.02734375 0.0390625
1 0.208984375 0.4609375 0.02734375 0.0390625
1 0.23828125 0.427734375 0.03125 0.03515625
1 0.265625 0.46484375 0.03125 0.0390625
1 0.298828125 0.427734375 0.02734375 0.04296875
1 0.34765625 0.43359375 0.046875 0.0390625
1 0.322265625 0.46875 0.03515625 0.0390625
1 0.37890625 0.474609375 0.03125 0.04296875
1 0.412109375 0.439453125 0.04296875 0.03515625
1 0.08203125 0.58984375 0.03125 0.0390625
1 0.11328125 0.568359375 0.03125 0.05078125
1 0.16796875 0.560546875 0.0390625 0.04296875
1 0.142578125 0.595703125 0.02734375 0.03515625
1 0.201171875 0.595703125 0.02734375 0.03515625
1 0.228515625 0.56640625 0.02734375 0.0390625
1 0.255859375 0.595703125 0.03515625 0.04296875
1 0.2890625 0.572265625 0.03125 0.04296875
1 0.318359375 0.603515625 0.02734375 0.04296875
