3 0.1015625 0.8203125 0.03125 0.03125
3 0.177734375 0.818359375 0.03515625 0.03515625
3 0.24609375 0.81640625 0.0390625 0.03125
3 0.31640625 0.814453125 0.03125 0.03515625
3 0.38671875 0.818359375 0.03125 0.03515625
3 0.462890625 0.814453125 0.03515625 0.03515625
3 0.533203125 0.8125 0.02734375 0.03125
3 0.60546875 0.810546875 0.0390625 0.03515625
3 0.669921875 0.8125 0.03515625 0.03125
3 0.736328125 0.810546875 0.03515625 0.03515625
3 0.02734375 0.76171875 0.0390625 0.03125
3 0.09375 0.76171875 0.0390625 0.03125
3 0.162109375 0.759765625 0.02734375 0.02734375
3 0.220703125 0.759765625 0.02734375 0.02734375
3 0.283203125 0.759765625 0.02734375 0.02734375
3 0.33984375 0.755859375 0.03125 0.02734375
3 0.40234375 0.755859375 0.03125 0.02734375
3 0.462890625 0.755859375 0.02734375 0.02734375
3 0.5390625 0.755859375 0.03125 0.02734375
3 0.603515625 0.751953125 0.02734375 0.02734375
3 0.66796875 0.75 0.03125 0.0234375
3 0.736328125 0.75 0.02734375 0.03125
3 0.734375 0.703125 0.03125 0.03125
3 0.6640625 0.70703125 0.03125 0.03125
3 0.458984375 0.708984375 0.01953125 0.02734375
3 0.3984375 0.7109375 0.0234375 0.0234375
3 0.28125 0.71484375 0.03125 0.0234375
3 0.22265625 0.712890625 0.03125 0.02734375
3 0.16015625 0.716796875 0.03125 0.02734375
3 0.09375 0.71875 0.0390625 0.03125
3 0.029296875 0.71875 0.03515625 0.03125
3 0.02734375 0.671875 0.0390625 0.03125
3 0.08984375 0.673828125 0.0390625 0.03515625
3 0.150390625 0.673828125 0.03515625 0.02734375
3 0.19921875 0.671875 0.03125 0.0234375
3 0.24609375 0.669921875 0.0390625 0.02734375
3 0.2890625 0.671875 0.03125 0.03125
3 0.3359375 0.66796875 0.03125 0.03125
3 0.380859375 0.66796875 0.02734375 0.03125
3 0.423828125 0.666015625 0.03515625 0.02734375
3 0.470703125 0.6640625 0.02734375 0.03125
3 0.734375 0.60546875 0.03125 0.03125
3 0.7421875 0.474609375 0.03125 0.02734375
3 0.73828125 0.4375 0.03125 0.0234375
3 0.73828125 0.400390625 0.03125 0.02734375
3 0.734375 0.36328125 0.03125 0.0234375
3 0.673828125 0.4375 0.02734375 0.0234375
3 0.671875 0.40234375 0.0234375 0.0234375
3 0.67578125 0.365234375 0.0390625 0.02734375
3 0.619140625 0.439453125 0.03515625 0.02734375
4 0.79296875 0.103515625 0.0390625 0.04296875
