3 0.62890625 0.966796875 0.03125 0.03515625
3 0.595703125 0.966796875 0.02734375 0.02734375
3 0.556640625 0.974609375 0.03515625 0.02734375
3 0.560546875 0.947265625 0.03515625 0.02734375
3 0.38671875 0.83984375 0.03125 0.03125
3 0.4140625 0.83984375 0.03125 0.03125
3 0.3828125 0.8125 0.03125 0.0234375
3 0.419921875 0.81640625 0.03515625 0.0234375
3 0.341796875 0.837890625 0.03515625 0.03515625
3 0.208984375 0.861328125 0.03515625 0.02734375
3 0.166015625 0.865234375 0.03515625 0.02734375
4 0.255859375 0.78515625 0.03515625 0.046875
4 0.568359375 0.693359375 0.04296875 0.04296875
