1 0.3950892857142857 0.049107142857142856 0.09375 0.13392857142857142
1 0.5178571428571428 0.19642857142857142 0.13392857142857142 0.14285714285714285
1 0.6205357142857143 0.04241071428571428 0.08928571428571427 0.1294642857142857
1 0.7410714285714285 0.19642857142857142 0.13392857142857142 0.14285714285714285
1 0.859375 0.046875 0.08482142857142856 0.15625
1 0.9754464285714285 0.19642857142857142 0.1294642857142857 0.14285714285714285
1 0.8348214285714285 0.7120535714285714 0.14285714285714285 0.1294642857142857
1 0.6183035714285714 0.7232142857142857 0.15625 0.13392857142857142
1 0.3883928571428571 0.7165178571428571 0.125 0.12053571428571427
1 0.1607142857142857 0.734375 0.14285714285714285 0.13839285714285712
