1 0.11160714285714285 0.6473214285714285 0.08035714285714285 0.08035714285714285
1 0.11607142857142856 0.5245535714285714 0.08035714285714285 0.06696428571428571
1 0.11160714285714285 0.3950892857142857 0.08035714285714285 0.07589285714285714
1 0.11607142857142856 0.26339285714285715 0.08035714285714285 0.08035714285714285
1 0.11830357142857142 0.140625 0.07589285714285714 0.07589285714285714
1 0.11383928571428571 0.026785714285714284 0.08482142857142856 0.05357142857142857
1 0.46428571428571425 0.040178571428571425 0.0625 0.05357142857142857
1 0.39285714285714285 0.08705357142857142 0.0625 0.049107142857142856
1 0.453125 0.13839285714285712 0.05803571428571428 0.04464285714285714
1 0.39732142857142855 0.1919642857142857 0.0625 0.05357142857142857
1 0.4575892857142857 0.24553571428571427 0.05803571428571428 0.05357142857142857
1 0.3950892857142857 0.30357142857142855 0.05803571428571428 0.05357142857142857
1 0.453125 0.35491071428571425 0.05803571428571428 0.049107142857142856
1 0.3950892857142857 0.4040178571428571 0.06696428571428571 0.05803571428571428
1 0.4575892857142857 0.45982142857142855 0.05803571428571428 0.04464285714285714
1 0.3950892857142857 0.515625 0.06696428571428571 0.05803571428571428
1 0.453125 0.5647321428571428 0.05803571428571428 0.05803571428571428
1 0.390625 0.6183035714285714 0.07589285714285714 0.049107142857142856
1 0.4575892857142857 0.6629464285714285 0.05803571428571428 0.05803571428571428
1 0.7053571428571428 0.8660714285714285 0.07142857142857142 0.04464285714285714
1 0.7008928571428571 0.7678571428571428 0.07142857142857142 0.04464285714285714
1 0.6986607142857143 0.6607142857142857 0.05803571428571428 0.03571428571428571
1 0.6986607142857143 0.5602678571428571 0.06696428571428571 0.049107142857142856
1 0.6919642857142857 0.4575892857142857 0.0625 0.049107142857142856
1 0.6919642857142857 0.3571428571428571 0.0625 0.05357142857142857
1 0.6808035714285714 0.25669642857142855 0.05803571428571428 0.049107142857142856
1 0.6785714285714285 0.1607142857142857 0.07142857142857142 0.05357142857142857
1 0.6741071428571428 0.05803571428571428 0.07142857142857142 0.04464285714285714
1 0.9866071428571428 0.055803571428571425 0.026785714285714284 0.040178571428571425
1 0.9821428571428571 0.12723214285714285 0.03571428571428571 0.040178571428571425
1 0.9821428571428571 0.1919642857142857 0.03571428571428571 0.04464285714285714
1 0.984375 0.26339285714285715 0.03125 0.04464285714285714
1 0.9821428571428571 0.3325892857142857 0.03571428571428571 0.040178571428571425
1 0.9821428571428571 0.40178571428571425 0.03571428571428571 0.04464285714285714
1 0.9799107142857142 0.4732142857142857 0.040178571428571425 0.04464285714285714
1 0.9799107142857142 0.5401785714285714 0.040178571428571425 0.04464285714285714
1 0.9732142857142857 0.6071428571428571 0.04464285714285714 0.04464285714285714
