2 0.119140625 0.1298828125 0.0625 0.072265625
2 0.369140625 0.125 0.078125 0.08203125
2 0.6220703125 0.1259765625 0.076171875 0.072265625
2 0.8701171875 0.12109375 0.072265625 0.05078125
2 0.11328125 0.3701171875 0.08203125 0.052734375
2 0.3681640625 0.3740234375 0.080078125 0.048828125
2 0.6181640625 0.376953125 0.080078125 0.046875
2 0.87109375 0.37109375 0.078125 0.03125
2 0.1181640625 0.6220703125 0.076171875 0.037109375
2 0.369140625 0.6240234375 0.07421875 0.044921875
2 0.615234375 0.623046875 0.078125 0.0546875
2 0.87109375 0.625 0.0859375 0.0703125
2 0.1201171875 0.8740234375 0.087890625 0.080078125
2 0.3720703125 0.8740234375 0.076171875 0.080078125
2 0.6220703125 0.8759765625 0.076171875 0.083984375
2 0.8701171875 0.8759765625 0.076171875 0.087890625
