3 0.4296875 0.9453125 0.0703125 0.078125
3 0.44921875 0.876953125 0.078125 0.08203125
3 0.451171875 0.791015625 0.08984375 0.09765625
3 0.482421875 0.6953125 0.09765625 0.0859375
3 0.494140625 0.603515625 0.08203125 0.08984375
3 0.4609375 0.06640625 0.0703125 0.078125
3 0.421875 0.138671875 0.078125 0.07421875
3 0.5234375 0.107421875 0.0625 0.07421875
3 0.4921875 0.185546875 0.078125 0.06640625
3 0.5859375 0.15625 0.0625 0.0703125
3 0.552734375 0.228515625 0.06640625 0.06640625
3 0.373046875 0.224609375 0.07421875 0.06640625
3 0.345703125 0.306640625 0.06640625 0.08984375
3 0.4375 0.275390625 0.0703125 0.07421875
3 0.404296875 0.353515625 0.05859375 0.07421875
3 0.5 0.318359375 0.0546875 0.06640625
3 0.45703125 0.388671875 0.046875 0.06640625
3 0.517578125 0.43359375 0.04296875 0.0625
3 0.560546875 0.458984375 0.05078125 0.06640625
3 0.408203125 0.55078125 0.07421875 0.0859375
3 0.40234375 0.646484375 0.0703125 0.08203125
