3 0.33203125 0.501953125 0.109375 0.15234375
3 0.341796875 0.330078125 0.12109375 0.13671875
3 0.48046875 0.341796875 0.1015625 0.13671875
3 0.46484375 0.51171875 0.125 0.140625
3 0.61328125 0.3515625 0.125 0.1484375
3 0.60546875 0.5234375 0.125 0.1328125
3 0.80859375 0.369140625 0.1171875 0.13671875
3 0.9453125 0.3828125 0.109375 0.1328125
3 0.798828125 0.54296875 0.10546875 0.1328125
3 0.935546875 0.5546875 0.12109375 0.140625
3 0.787109375 0.708984375 0.11328125 0.12890625
3 0.92578125 0.7265625 0.109375 0.140625
3 0.923828125 0.10546875 0.12890625 0.1328125
