2 0.12109375 0.12890625 0.07421875 0.07421875
2 0.3759765625 0.1337890625 0.064453125 0.064453125
2 0.625 0.1298828125 0.07421875 0.056640625
2 0.8701171875 0.1298828125 0.080078125 0.064453125
2 0.1240234375 0.380859375 0.076171875 0.05859375
2 0.3671875 0.380859375 0.07421875 0.03515625
2 0.623046875 0.37890625 0.08203125 0.05078125
2 0.87109375 0.3828125 0.0703125 0.04296875
2 0.1201171875 0.6328125 0.068359375 0.03515625
2 0.365234375 0.630859375 0.078125 0.03515625
2 0.611328125 0.6298828125 0.078125 0.037109375
2 0.8681640625 0.630859375 0.083984375 0.05078125
2 0.1220703125 0.8759765625 0.076171875 0.052734375
2 0.37109375 0.87890625 0.07421875 0.0546875
2 0.62890625 0.8779296875 0.0703125 0.064453125
2 0.869140625 0.87890625 0.07421875 0.0625
