3 0.755859375 0.181640625 0.03515625 0.03515625
3 0.82421875 0.181640625 0.03125 0.02734375
3 0.888671875 0.1796875 0.03515625 0.03125
3 0.9609375 0.1796875 0.03125 0.03125
3 0.953125 0.240234375 0.03125 0.02734375
3 0.88671875 0.240234375 0.03125 0.02734375
3 0.826171875 0.2421875 0.03515625 0.03125
3 0.75390625 0.23828125 0.03125 0.0234375
3 0.828125 0.287109375 0.03125 0.02734375
3 0.7578125 0.287109375 0.03125 0.02734375
3 0.76171875 0.384765625 0.03125 0.02734375
3 0.75 0.521484375 0.03125 0.02734375
3 0.875 0.5546875 0.03125 0.0234375
3 0.8203125 0.5546875 0.03125 0.0234375
3 0.755859375 0.5546875 0.02734375 0.0234375
3 0.8203125 0.58984375 0.0234375 0.0234375
3 0.755859375 0.59375 0.02734375 0.0234375
3 0.82421875 0.626953125 0.03125 0.02734375
3 0.755859375 0.62890625 0.02734375 0.0234375
4 0.703125 0.890625 0.046875 0.0546875
