3 0.8046875 0.9453125 0.0703125 0.078125
3 0.82421875 0.876953125 0.078125 0.08203125
3 0.826171875 0.791015625 0.08984375 0.09765625
3 0.857421875 0.6953125 0.09765625 0.0859375
3 0.869140625 0.603515625 0.08203125 0.08984375
3 0.8359375 0.06640625 0.0703125 0.078125
3 0.796875 0.138671875 0.078125 0.07421875
3 0.8984375 0.107421875 0.0625 0.07421875
3 0.8671875 0.185546875 0.078125 0.06640625
3 0.9609375 0.15625 0.0625 0.0703125
3 0.927734375 0.228515625 0.06640625 0.06640625
3 0.748046875 0.224609375 0.07421875 0.06640625
3 0.720703125 0.306640625 0.06640625 0.08984375
3 0.8125 0.275390625 0.0703125 0.07421875
3 0.779296875 0.353515625 0.05859375 0.07421875
3 0.875 0.318359375 0.0546875 0.06640625
3 0.83203125 0.388671875 0.046875 0.06640625
3 0.892578125 0.43359375 0.04296875 0.0625
3 0.935546875 0.458984375 0.05078125 0.06640625
3 0.783203125 0.55078125 0.07421875 0.0859375
3 0.77734375 0.646484375 0.0703125 0.08203125
