2 0.841796875 0.166015625 0.0625 0.1015625
2 0.515625 0.228515625 0.109375 0.046875
2 0.5078125 0.3271484375 0.140625 0.060546875
2 0.5009765625 0.443359375 0.119140625 0.05859375
2 0.5009765625 0.5009765625 0.126953125 0.060546875
2 0.482421875 0.5517578125 0.11328125 0.064453125
2 0.4736328125 0.607421875 0.111328125 0.06640625
2 0.4541015625 0.7099609375 0.146484375 0.080078125
2 0.431640625 0.8330078125 0.140625 0.072265625
2 0.9072265625 0.50390625 0.064453125 0.09765625
2 0.857421875 0.787109375 0.125 0.05859375
2 0.83984375 0.94140625 0.10546875 0.046875
