3 0.91796875 0.892578125 0.1328125 0.08984375
3 0.8984375 0.8046875 0.1328125 0.09375
3 0.876953125 0.7109375 0.12890625 0.09375
3 0.044921875 0.943359375 0.08203125 0.10546875
3 0.341796875 0.705078125 0.10546875 0.07421875
3 0.451171875 0.537109375 0.08203125 0.09765625
3 0.53515625 0.5390625 0.0859375 0.1015625
3 0.705078125 0.5 0.08984375 0.0859375
3 0.66796875 0.341796875 0.1015625 0.06640625
3 0.693359375 0.41015625 0.07421875 0.0703125
3 0.478515625 0.3671875 0.10546875 0.0859375
3 0.564453125 0.36328125 0.08203125 0.0859375
3 0.1328125 0.94140625 0.1171875 0.1015625
