3 0.0859375 0.779296875 0.1015625 0.11328125
3 0.263671875 0.19140625 0.11328125 0.1171875
3 0.39453125 0.244140625 0.1015625 0.10546875
3 0.5234375 0.19140625 0.1015625 0.109375
3 0.662109375 0.140625 0.11328125 0.1171875
3 0.791015625 0.0703125 0.10546875 0.1171875
3 0.841796875 0.310546875 0.11328125 0.11328125
3 0.8984375 0.505859375 0.1015625 0.11328125
3 0.759765625 0.57421875 0.09765625 0.109375
3 0.591796875 0.546875 0.10546875 0.109375
3 0.564453125 0.681640625 0.11328125 0.10546875
3 0.2265625 0.927734375 0.1171875 0.12109375
3 0.076171875 0.92578125 0.11328125 0.109375
