3 0.0625 0.869140625 0.0859375 0.08984375
3 0.173828125 0.8828125 0.10546875 0.0859375
3 0.302734375 0.953125 0.11328125 0.09375
3 0.423828125 0.908203125 0.12109375 0.10546875
3 0.603515625 0.38671875 0.10546875 0.1171875
3 0.7421875 0.443359375 0.1171875 0.12109375
3 0.880859375 0.5 0.12109375 0.109375
3 0.818359375 0.62890625 0.12109375 0.1171875
3 0.6875 0.57421875 0.109375 0.1171875
3 0.5625 0.5078125 0.140625 0.1171875
3 0.494140625 0.640625 0.14453125 0.109375
3 0.373046875 0.6796875 0.12109375 0.09375
3 0.53125 0.78515625 0.109375 0.1015625
3 0.587890625 0.6796875 0.08984375 0.1171875
3 0.7109375 0.736328125 0.1171875 0.10546875
3 0.640625 0.826171875 0.1171875 0.09765625
3 0.4921875 0.083984375 0.1171875 0.12109375
3 0.625 0.140625 0.125 0.1015625
3 0.822265625 0.07421875 0.11328125 0.125
3 0.759765625 0.205078125 0.12109375 0.12109375
3 0.962890625 0.14453125 0.07421875 0.1171875
3 0.923828125 0.2734375 0.10546875 0.109375
