1 0.486328125 0.04296875 0.02734375 0.0390625
1 0.517578125 0.01953125 0.02734375 0.03125
1 0.546875 0.044921875 0.03125 0.03515625
1 0.572265625 0.015625 0.03515625 0.0234375
1 0.6015625 0.046875 0.0390625 0.046875
1 0.63671875 0.021484375 0.03125 0.03515625
1 0.662109375 0.052734375 0.03515625 0.05078125
1 0.6953125 0.021484375 0.03125 0.04296875
1 0.720703125 0.0546875 0.03515625 0.046875
1 0.75390625 0.021484375 0.03125 0.04296875
1 0.779296875 0.060546875 0.03515625 0.03515625
1 0.4765625 0.185546875 0.03125 0.04296875
1 0.5078125 0.1484375 0.0390625 0.0390625
1 0.53515625 0.181640625 0.046875 0.03515625
1 0.56640625 0.154296875 0.03125 0.03515625
1 0.59375 0.185546875 0.03125 0.03515625
1 0.625 0.15625 0.03125 0.03125
1 0.646484375 0.193359375 0.03515625 0.04296875
1 0.681640625 0.15625 0.03515625 0.046875
1 0.70703125 0.19140625 0.0390625 0.0390625
1 0.740234375 0.16015625 0.03515625 0.0390625
1 0.763671875 0.19921875 0.04296875 0.0390625
1 0.796875 0.1640625 0.0390625 0.046875
1 0.47265625 0.3125 0.0390625 0.03125
1 0.501953125 0.283203125 0.04296875 0.03515625
1 0.533203125 0.318359375 0.03515625 0.03515625
1 0.556640625 0.28515625 0.03515625 0.0390625
1 0.5859375 0.33203125 0.0390625 0.046875
1 0.6171875 0.294921875 0.0390625 0.04296875
1 0.65234375 0.330078125 0.0390625 0.04296875
1 0.67578125 0.296875 0.0390625 0.046875
1 0.70703125 0.3359375 0.046875 0.046875
1 0.73046875 0.296875 0.0390625 0.046875
1 0.763671875 0.333984375 0.04296875 0.03515625
1 0.791015625 0.29296875 0.04296875 0.0390625
1 0.46484375 0.45703125 0.03125 0.0390625
1 0.498046875 0.421875 0.02734375 0.0390625
1 0.525390625 0.458984375 0.02734375 0.04296875
1 0.556640625 0.421875 0.02734375 0.0390625
1 0.583984375 0.4609375 0.02734375 0.0390625
1 0.61328125 0.427734375 0.03125 0.03515625
1 0.640625 0.46484375 0.03125 0.0390625
1 0.673828125 0.427734375 0.02734375 0.04296875
1 0.72265625 0.43359375 0.046875 0.0390625
1 0.697265625 0.46875 0.03515625 0.0390625
1 0.75390625 0.474609375 0.03125 0.04296875
1 0.787109375 0.439453125 0.04296875 0.03515625
1 0.45703125 0.58984375 0.03125 0.0390625
1 0.48828125 0.568359375 0.03125 0.05078125
1 0.54296875 0.560546875 0.0390625 0.04296875
1 0.517578125 0.595703125 0.02734375 0.03515625
1 0.576171875 0.595703125 0.02734375 0.03515625
1 0.603515625 0.56640625 0.02734375 0.0390625
1 0.630859375 0.595703125 0.03515625 0.04296875
1 0.6640625 0.572265625 0.03125 0.04296875
1 0.693359375 0.603515625 0.02734375 0.04296875
1 0.150390625 0.662109375 0.01171875 0.01953125
1 0.162109375 0.67578125 0.01171875 0.0234375
1 0.171875 0.6640625 0.015625 0.0234375
1 0.177734375 0.67578125 0.01171875 0.0234375
1 0.201171875 0.6640625 0.01171875 0.0234375
1 0.208984375 0.67578125 0.01171875 0.0234375
1 0.216796875 0.662109375 0.01171875 0.02734375
1 0.228515625 0.677734375 0.01171875 0.02734375
1 0.236328125 0.6640625 0.01171875 0.0234375
1 0.248046875 0.677734375 0.01171875 0.01953125
1 0.25390625 0.666015625 0.015625 0.02734375
1 0.263671875 0.6796875 0.01171875 0.0234375
1 0.275390625 0.66796875 0.01171875 0.0234375
1 0.283203125 0.6796875 0.01171875 0.0234375
1 0.291015625 0.66796875 0.01171875 0.0234375
1 0.298828125 0.6796875 0.01171875 0.0234375
1 0.30859375 0.666015625 0.015625 0.02734375
1 0.31640625 0.681640625 0.015625 0.01953125
1 0.326171875 0.666015625 0.01171875 0.01953125
1 0.3359375 0.6796875 0.015625 0.0234375
1 0.1640625 0.61328125 0.015625 0.0234375
1 0.17578125 0.60546875 0.015625 0.0234375
1 0.181640625 0.6171875 0.01171875 0.0234375
1 0.3359375 0.62109375 0.015625 0.0234375
1 0.33203125 0.607421875 0.015625 0.01953125
1 0.3125 0.609375 0.015625 0.0234375
1 0.287109375 0.62109375 0.01171875 0.0234375
1 0.27734375 0.607421875 0.015625 0.02734375
1 0.294921875 0.607421875 0.01171875 0.02734375
1 0.2578125 0.60546875 0.015625 0.0234375
1 0.265625 0.619140625 0.015625 0.01953125
1 0.208984375 0.603515625 0.01171875 0.01953125
1 0.189453125 0.6015625 0.01171875 0.0234375
1 0.197265625 0.619140625 0.01953125 0.02734375
1 0.2265625 0.60546875 0.015625 0.0234375
1 0.21484375 0.615234375 0.015625 0.01953125
1 0.240234375 0.60546875 0.01171875 0.0234375
1 0.24609375 0.6171875 0.015625 0.0234375
1 0.16015625 0.537109375 0.015625 0.01953125
1 0.16796875 0.552734375 0.015625 0.01953125
1 0.1796875 0.5390625 0.015625 0.0234375
1 0.1875 0.552734375 0.015625 0.01953125
1 0.1953125 0.54296875 0.015625 0.0234375
1 0.212890625 0.5390625 0.01171875 0.0234375
1 0.205078125 0.55078125 0.01171875 0.0234375
1 0.34375 0.55859375 0.015625 0.0234375
1 0.337890625 0.546875 0.01953125 0.0234375
1 0.31640625 0.546875 0.015625 0.0234375
1 0.32421875 0.556640625 0.015625 0.02734375
1 0.298828125 0.546875 0.01171875 0.0234375
1 0.2890625 0.55859375 0.015625 0.0234375
1 0.283203125 0.544921875 0.01953125 0.01953125
1 0.263671875 0.546875 0.01171875 0.0234375
1 0.228515625 0.54296875 0.01171875 0.0234375
1 0.236328125 0.552734375 0.01171875 0.01953125
1 0.248046875 0.54296875 0.01171875 0.0234375
1 0.255859375 0.5546875 0.01171875 0.0234375
1 0.171875 0.490234375 0.015625 0.02734375
1 0.181640625 0.478515625 0.01171875 0.02734375
1 0.19140625 0.49609375 0.015625 0.03125
1 0.20703125 0.49609375 0.015625 0.03125
1 0.224609375 0.4921875 0.01171875 0.0234375
1 0.234375 0.48046875 0.015625 0.0234375
1 0.24609375 0.490234375 0.015625 0.01953125
1 0.259765625 0.4921875 0.01171875 0.0234375
1 0.271484375 0.478515625 0.01171875 0.01953125
1 0.27734375 0.49609375 0.015625 0.0234375
1 0.287109375 0.48046875 0.01171875 0.0234375
1 0.294921875 0.498046875 0.01171875 0.02734375
1 0.314453125 0.49609375 0.01171875 0.0234375
1 0.322265625 0.482421875 0.01171875 0.01953125
1 0.3046875 0.482421875 0.015625 0.02734375
1 0.330078125 0.498046875 0.01171875 0.02734375
1 0.345703125 0.498046875 0.01171875 0.02734375
1 0.337890625 0.482421875 0.01171875 0.01953125
