2 0.12109375 0.1328125 0.046875 0.05078125
2 0.376953125 0.1328125 0.0390625 0.046875
2 0.623046875 0.1318359375 0.0625 0.068359375
2 0.875 0.1337890625 0.0703125 0.072265625
2 0.126953125 0.376953125 0.06640625 0.078125
2 0.3837890625 0.373046875 0.068359375 0.0703125
2 0.62890625 0.37890625 0.08203125 0.07421875
2 0.8701171875 0.3759765625 0.076171875 0.037109375
2 0.12890625 0.630859375 0.0625 0.03515625
2 0.369140625 0.625 0.08203125 0.04296875
2 0.6201171875 0.6279296875 0.076171875 0.041015625
2 0.8740234375 0.630859375 0.083984375 0.0546875
2 0.1220703125 0.8798828125 0.076171875 0.056640625
2 0.3662109375 0.876953125 0.068359375 0.0546875
2 0.62109375 0.8759765625 0.08203125 0.068359375
2 0.8701171875 0.8818359375 0.080078125 0.056640625
