1 0.16741071428571427 0.08035714285714285 0.07589285714285714 0.04464285714285714
1 0.16964285714285712 0.14285714285714285 0.07142857142857142 0.03571428571428571
1 0.16964285714285712 0.203125 0.07142857142857142 0.040178571428571425
1 0.16964285714285712 0.2700892857142857 0.08035714285714285 0.040178571428571425
1 0.171875 0.32589285714285715 0.08482142857142856 0.04464285714285714
1 0.16741071428571427 0.3883928571428571 0.07589285714285714 0.03571428571428571
1 0.16517857142857142 0.44866071428571425 0.07142857142857142 0.040178571428571425
1 0.16294642857142858 0.5133928571428571 0.07589285714285714 0.04464285714285714
1 0.16294642857142858 0.5758928571428571 0.07589285714285714 0.03571428571428571
1 0.16294642857142858 0.6316964285714285 0.06696428571428571 0.03125
1 0.16294642857142858 0.6941964285714285 0.07589285714285714 0.040178571428571425
