3 0.1171875 0.361328125 0.078125 0.07421875
3 0.203125 0.34375 0.0703125 0.0703125
3 0.279296875 0.322265625 0.05859375 0.07421875
3 0.37890625 0.298828125 0.0703125 0.07421875
3 0.400390625 0.392578125 0.05859375 0.08203125
3 0.310546875 0.40625 0.08203125 0.078125
3 0.21875 0.435546875 0.0703125 0.07421875
3 0.13671875 0.455078125 0.0703125 0.08203125
3 0.064453125 0.466796875 0.04296875 0.04296875
3 0.15234375 0.55078125 0.0703125 0.078125
3 0.228515625 0.529296875 0.05859375 0.07421875
3 0.333984375 0.5078125 0.08203125 0.078125
3 0.41796875 0.486328125 0.0625 0.07421875
3 0.083984375 0.595703125 0.05078125 0.05078125
3 0.505859375 0.962890625 0.07421875 0.07421875
3 0.58203125 0.962890625 0.0703125 0.07421875
