3 0.935546875 0.044921875 0.03515625 0.03515625
3 0.87109375 0.048828125 0.03125 0.02734375
3 0.8046875 0.099609375 0.0390625 0.02734375
3 0.873046875 0.08203125 0.02734375 0.0234375
3 0.966796875 0.064453125 0.02734375 0.02734375
3 0.96875 0.099609375 0.03125 0.02734375
3 0.939453125 0.080078125 0.01953125 0.02734375
3 0.935546875 0.14453125 0.03515625 0.0390625
3 0.880859375 0.14453125 0.05078125 0.0390625
3 0.939453125 0.111328125 0.02734375 0.02734375
3 0.873046875 0.115234375 0.02734375 0.02734375
