2 0.1259765625 0.130859375 0.044921875 0.0546875
2 0.3759765625 0.1376953125 0.037109375 0.041015625
2 0.623046875 0.134765625 0.04296875 0.0546875
2 0.873046875 0.1259765625 0.046875 0.064453125
2 0.1240234375 0.3740234375 0.052734375 0.068359375
2 0.373046875 0.37109375 0.0546875 0.0703125
2 0.6240234375 0.37109375 0.052734375 0.06640625
2 0.8740234375 0.37109375 0.064453125 0.0703125
2 0.12109375 0.625 0.0703125 0.07421875
2 0.3740234375 0.623046875 0.060546875 0.05859375
2 0.625 0.6181640625 0.08203125 0.076171875
2 0.8828125 0.6162109375 0.09765625 0.083984375
2 0.1259765625 0.8671875 0.076171875 0.0625
2 0.3720703125 0.8701171875 0.068359375 0.037109375
2 0.6240234375 0.8671875 0.072265625 0.0390625
2 0.8720703125 0.869140625 0.080078125 0.03515625
