3 0.232421875 0.134765625 0.10546875 0.11328125
3 0.294921875 0.263671875 0.08984375 0.12109375
3 0.048828125 0.31640625 0.08984375 0.125
3 0.048828125 0.498046875 0.08984375 0.12109375
3 0.146484375 0.4140625 0.10546875 0.1328125
3 0.2578125 0.54296875 0.125 0.1171875
3 0.361328125 0.396484375 0.12109375 0.12890625
3 0.525390625 0.501953125 0.08984375 0.08984375
3 0.609375 0.560546875 0.0625 0.07421875
3 0.83984375 0.240234375 0.0703125 0.07421875
3 0.787109375 0.337890625 0.07421875 0.07421875
3 0.796875 0.4453125 0.0703125 0.078125
3 0.857421875 0.505859375 0.07421875 0.08203125
3 0.8359375 0.603515625 0.078125 0.08984375
3 0.904296875 0.1796875 0.07421875 0.078125
