1 0.1294642857142857 0.14955357142857142 0.1607142857142857 0.12053571428571427
1 0.1294642857142857 0.49553571428571425 0.1607142857142857 0.14285714285714285
1 0.12053571428571427 0.671875 0.1607142857142857 0.12053571428571427
1 0.12053571428571427 0.8415178571428571 0.16964285714285712 0.11160714285714285
1 0.515625 0.16517857142857142 0.15625 0.13392857142857142
1 0.5133928571428571 0.3214285714285714 0.1607142857142857 0.13392857142857142
1 0.5089285714285714 0.5 0.15178571428571427 0.125
1 0.5089285714285714 0.6629464285714285 0.1607142857142857 0.13839285714285712
1 0.5111607142857143 0.8348214285714285 0.15625 0.13392857142857142
1 0.640625 0.9308035714285714 0.15625 0.12053571428571427
