3 0.3359375 0.873046875 0.03125 0.02734375
3 0.38671875 0.861328125 0.03125 0.03515625
3 0.435546875 0.84765625 0.03515625 0.03125
3 0.5546875 0.861328125 0.03125 0.03515625
3 0.54296875 0.8203125 0.0390625 0.03125
3 0.53515625 0.771484375 0.0390625 0.03515625
3 0.498046875 0.884765625 0.03515625 0.02734375
3 0.484375 0.83203125 0.0390625 0.0234375
3 0.345703125 0.79296875 0.04296875 0.03125
3 0.384765625 0.771484375 0.03515625 0.01953125
3 0.41015625 0.75390625 0.0234375 0.0234375
3 0.423828125 0.490234375 0.05859375 0.05078125
3 0.349609375 0.55859375 0.05859375 0.046875
3 0.29296875 0.435546875 0.0390625 0.03515625
3 0.201171875 0.40625 0.03515625 0.0390625
3 0.27734375 0.625 0.03125 0.0390625
3 0.318359375 0.76171875 0.03515625 0.03125
3 0.15234375 0.56640625 0.0390625 0.0390625
3 0.11328125 0.4921875 0.0390625 0.0390625
3 0.193359375 0.521484375 0.02734375 0.03515625
3 0.244140625 0.4765625 0.03515625 0.03125
3 0.15625 0.447265625 0.03125 0.03515625
3 0.240234375 0.365234375 0.02734375 0.03515625
3 0.2890625 0.322265625 0.03125 0.03515625
3 0.330078125 0.279296875 0.03515625 0.03515625
3 0.384765625 0.341796875 0.03515625 0.03515625
3 0.337890625 0.384765625 0.03515625 0.03515625
3 0.44921875 0.896484375 0.03125 0.02734375
3 0.37890625 0.912109375 0.03125 0.02734375
3 0.349609375 0.91796875 0.02734375 0.0234375
