3 0.236328125 0.181640625 0.03515625 0.03515625
3 0.16796875 0.181640625 0.03125 0.02734375
3 0.103515625 0.1796875 0.03515625 0.03125
3 0.03125 0.1796875 0.03125 0.03125
3 0.0390625 0.240234375 0.03125 0.02734375
3 0.10546875 0.240234375 0.03125 0.02734375
3 0.166015625 0.2421875 0.03515625 0.03125
3 0.23828125 0.23828125 0.03125 0.0234375
3 0.1640625 0.287109375 0.03125 0.02734375
3 0.234375 0.287109375 0.03125 0.02734375
3 0.23046875 0.384765625 0.03125 0.02734375
3 0.2421875 0.521484375 0.03125 0.02734375
3 0.1171875 0.5546875 0.03125 0.0234375
3 0.171875 0.5546875 0.03125 0.0234375
3 0.236328125 0.5546875 0.02734375 0.0234375
3 0.171875 0.58984375 0.0234375 0.0234375
3 0.236328125 0.59375 0.02734375 0.0234375
3 0.16796875 0.626953125 0.03125 0.02734375
3 0.236328125 0.62890625 0.02734375 0.0234375
4 0.2890625 0.890625 0.046875 0.0546875
