2 0.1201171875 0.1162109375 0.072265625 0.072265625
2 0.37109375 0.1162109375 0.07421875 0.064453125
2 0.6201171875 0.11328125 0.087890625 0.0625
2 0.873046875 0.1142578125 0.08203125 0.060546875
2 0.1357421875 0.3564453125 0.076171875 0.060546875
2 0.3740234375 0.3642578125 0.095703125 0.064453125
2 0.6201171875 0.37109375 0.076171875 0.03125
2 0.86328125 0.3720703125 0.06640625 0.029296875
2 0.125 0.619140625 0.08984375 0.05859375
2 0.376953125 0.6220703125 0.08203125 0.048828125
2 0.6318359375 0.625 0.099609375 0.06640625
2 0.8759765625 0.6240234375 0.080078125 0.060546875
2 0.1240234375 0.873046875 0.080078125 0.06640625
2 0.3759765625 0.8779296875 0.080078125 0.072265625
2 0.625 0.8779296875 0.0703125 0.072265625
2 0.87890625 0.8759765625 0.0703125 0.072265625
