2 0.716796875 0.482421875 0.04296875 0.08203125
2 0.6416015625 0.48828125 0.041015625 0.09375
2 0.568359375 0.4931640625 0.04296875 0.087890625
2 0.5009765625 0.5 0.044921875 0.08203125
2 0.4345703125 0.5 0.037109375 0.08203125
2 0.3525390625 0.509765625 0.037109375 0.08203125
2 0.28515625 0.5107421875 0.046875 0.080078125
2 0.2109375 0.5107421875 0.04296875 0.083984375
2 0.1552734375 0.642578125 0.048828125 0.08984375
2 0.083984375 0.6376953125 0.04296875 0.091796875
2 0.0185546875 0.666015625 0.037109375 0.0703125
2 0.080078125 0.23046875 0.04296875 0.0859375
2 0.1943359375 0.220703125 0.041015625 0.078125
2 0.275390625 0.2255859375 0.046875 0.087890625
