3 0.15625 0.03125 0.0546875 0.046875
3 0.20703125 0.029296875 0.03125 0.03515625
3 0.244140625 0.0703125 0.04296875 0.0390625
3 0.1015625 0.01171875 0.0390625 0.0234375
3 0.041015625 0.01171875 0.04296875 0.0234375
3 0.068359375 0.07421875 0.04296875 0.0390625
3 0.12890625 0.0703125 0.0390625 0.0390625
3 0.185546875 0.07421875 0.04296875 0.046875
3 0.056640625 0.275390625 0.05078125 0.04296875
3 0.052734375 0.3125 0.04296875 0.0390625
3 0.1015625 0.2890625 0.0234375 0.03125
3 0.099609375 0.333984375 0.02734375 0.02734375
3 0.21484375 0.32421875 0.03125 0.03125
3 0.216796875 0.36328125 0.03515625 0.03125
3 0.216796875 0.39453125 0.02734375 0.0234375
3 0.23046875 0.423828125 0.0234375 0.02734375
3 0.123046875 0.546875 0.03515625 0.03125
3 0.189453125 0.6015625 0.03515625 0.03125
3 0.1171875 0.580078125 0.0234375 0.02734375
3 0.056640625 0.54296875 0.03515625 0.0390625
3 0.0234375 0.564453125 0.03125 0.03515625
3 0.0234375 0.599609375 0.03125 0.03515625
3 0.0546875 0.583984375 0.0234375 0.02734375
3 0.0546875 0.640625 0.0390625 0.0390625
3 0.107421875 0.642578125 0.03515625 0.03515625
