3 0.033203125 0.43359375 0.0625 0.05859375
3 0.0595703125 0.380859375 0.060546875 0.05859375
3 0.1123046875 0.333984375 0.052734375 0.046875
3 0.171875 0.3837890625 0.05859375 0.044921875
3 0.1162109375 0.4306640625 0.060546875 0.056640625
3 0.06640625 0.4833984375 0.0625 0.052734375
3 0.1923828125 0.4853515625 0.060546875 0.060546875
3 0.1455078125 0.5419921875 0.064453125 0.056640625
3 0.248046875 0.53125 0.05859375 0.0625
3 0.2001953125 0.5888671875 0.064453125 0.064453125
3 0.3076171875 0.5791015625 0.056640625 0.056640625
3 0.2568359375 0.6357421875 0.064453125 0.052734375
3 0.1474609375 0.177734375 0.056640625 0.05859375
3 0.1083984375 0.232421875 0.072265625 0.0546875
3 0.208984375 0.220703125 0.0625 0.0546875
3 0.1640625 0.2783203125 0.0703125 0.064453125
3 0.2734375 0.2705078125 0.07421875 0.056640625
3 0.2197265625 0.322265625 0.076171875 0.05859375
3 0.3505859375 0.330078125 0.083984375 0.05859375
3 0.2978515625 0.3818359375 0.083984375 0.060546875
3 0.3916015625 0.376953125 0.060546875 0.0546875
3 0.3466796875 0.4326171875 0.060546875 0.052734375
3 0.4521484375 0.42578125 0.060546875 0.0546875
3 0.4091796875 0.4765625 0.060546875 0.0546875
3 0.3935546875 0.248046875 0.044921875 0.046875
3 0.4296875 0.2060546875 0.046875 0.048828125
3 0.4775390625 0.2451171875 0.044921875 0.044921875
3 0.4365234375 0.2822265625 0.044921875 0.044921875
3 0.5146484375 0.2734375 0.044921875 0.04296875
3 0.48046875 0.3154296875 0.046875 0.048828125
3 0.13671875 0.0654296875 0.04296875 0.044921875
3 0.166015625 0.03515625 0.0390625 0.03515625
3 0.1953125 0.01171875 0.0390625 0.01953125
