2 0.123046875 0.123046875 0.08203125 0.078125
2 0.3720703125 0.1240234375 0.072265625 0.076171875
2 0.62109375 0.125 0.0703125 0.08203125
2 0.8671875 0.1240234375 0.08203125 0.095703125
2 0.1181640625 0.3720703125 0.068359375 0.083984375
2 0.37109375 0.3837890625 0.05078125 0.064453125
2 0.62109375 0.380859375 0.0546875 0.0703125
2 0.873046875 0.3779296875 0.0625 0.076171875
2 0.125 0.6181640625 0.0625 0.083984375
2 0.3720703125 0.6240234375 0.072265625 0.083984375
2 0.625 0.615234375 0.06640625 0.08203125
2 0.873046875 0.6201171875 0.06640625 0.080078125
2 0.1220703125 0.875 0.072265625 0.0703125
2 0.375 0.8681640625 0.0859375 0.072265625
2 0.625 0.8681640625 0.09765625 0.072265625
2 0.8818359375 0.86328125 0.099609375 0.06640625
