1 0.015625 0.369140625 0.0234375 0.04296875
1 0.068359375 0.3828125 0.03515625 0.0390625
1 0.041015625 0.5546875 0.03515625 0.0546875
1 0.06640625 0.515625 0.03125 0.046875
1 0.095703125 0.5546875 0.03515625 0.046875
1 0.013671875 0.654296875 0.01953125 0.04296875
1 0.025390625 0.6875 0.02734375 0.0390625
1 0.060546875 0.66015625 0.02734375 0.0390625
1 0.08984375 0.697265625 0.0390625 0.05078125
1 0.005859375 0.791015625 0.00390625 0.03515625
1 0.0234375 0.83203125 0.0390625 0.046875
1 0.0546875 0.80078125 0.0390625 0.046875
1 0.08203125 0.828125 0.0390625 0.0546875
1 0.01171875 0.9765625 0.0234375 0.0390625
1 0.04296875 0.99609375 0.03125 0.0078125
1 0.068359375 0.98046875 0.02734375 0.0390625
