3 0.2802734375 0.0263671875 0.068359375 0.060546875
3 0.5341796875 0.0244140625 0.060546875 0.056640625
3 0.361328125 0.048828125 0.05859375 0.05859375
3 0.33203125 0.115234375 0.0625 0.05859375
3 0.4287109375 0.0791015625 0.056640625 0.060546875
3 0.400390625 0.1474609375 0.05859375 0.060546875
3 0.49609375 0.109375 0.0625 0.05859375
3 0.466796875 0.1728515625 0.05859375 0.056640625
3 0.611328125 0.080078125 0.05859375 0.05859375
3 0.5810546875 0.146484375 0.060546875 0.05859375
3 0.5498046875 0.208984375 0.060546875 0.0546875
3 0.681640625 0.107421875 0.05859375 0.05859375
3 0.65234375 0.1728515625 0.0546875 0.060546875
3 0.6259765625 0.2373046875 0.056640625 0.056640625
3 0.748046875 0.2109375 0.06640625 0.0703125
3 0.8193359375 0.2412109375 0.060546875 0.060546875
3 0.888671875 0.267578125 0.06640625 0.0625
3 0.7138671875 0.2763671875 0.056640625 0.064453125
3 0.7822265625 0.302734375 0.060546875 0.0625
3 0.857421875 0.33203125 0.06640625 0.0625
3 0.392578125 0.2646484375 0.0546875 0.064453125
3 0.4609375 0.294921875 0.0546875 0.0625
3 0.52734375 0.3212890625 0.05859375 0.064453125
3 0.4951171875 0.384765625 0.056640625 0.0625
3 0.4306640625 0.3583984375 0.056640625 0.060546875
3 0.365234375 0.3271484375 0.0625 0.060546875
3 0.2724609375 0.4091796875 0.052734375 0.048828125
3 0.330078125 0.3935546875 0.05859375 0.052734375
3 0.3828125 0.4150390625 0.046875 0.048828125
3 0.4384765625 0.4384765625 0.052734375 0.052734375
3 0.3525390625 0.4599609375 0.048828125 0.048828125
3 0.4091796875 0.4833984375 0.056640625 0.052734375
3 0.298828125 0.5244140625 0.05859375 0.068359375
3 0.3369140625 0.5830078125 0.060546875 0.060546875
3 0.23828125 0.5517578125 0.0546875 0.060546875
3 0.1953125 0.6083984375 0.046875 0.048828125
3 0.1728515625 0.6533203125 0.044921875 0.048828125
3 0.2265625 0.677734375 0.0546875 0.05078125
3 0.2421875 0.626953125 0.05078125 0.046875
3 0.171875 0.5126953125 0.05078125 0.052734375
3 0.1171875 0.50390625 0.046875 0.05078125
3 0.1083984375 0.57421875 0.041015625 0.05078125
3 0.107421875 0.630859375 0.0546875 0.0546875
3 0.060546875 0.56640625 0.0546875 0.04296875
3 0.0517578125 0.619140625 0.048828125 0.046875
3 0.0126953125 0.4912109375 0.048828125 0.056640625
3 0.06640625 0.4990234375 0.046875 0.052734375
