2 0.1220703125 0.1259765625 0.091796875 0.072265625
2 0.3720703125 0.1279296875 0.083984375 0.076171875
2 0.6298828125 0.1259765625 0.072265625 0.076171875
2 0.8759765625 0.1337890625 0.060546875 0.072265625
2 0.1298828125 0.380859375 0.060546875 0.07421875
2 0.376953125 0.3798828125 0.0625 0.080078125
2 0.623046875 0.3798828125 0.03515625 0.068359375
2 0.87109375 0.3916015625 0.0390625 0.048828125
2 0.126953125 0.626953125 0.05859375 0.08203125
2 0.3759765625 0.6298828125 0.064453125 0.076171875
2 0.6259765625 0.623046875 0.076171875 0.08203125
2 0.8759765625 0.6220703125 0.076171875 0.076171875
2 0.125 0.87109375 0.078125 0.07421875
2 0.3720703125 0.8701171875 0.072265625 0.072265625
2 0.6259765625 0.869140625 0.083984375 0.0625
2 0.8740234375 0.8701171875 0.087890625 0.064453125
