3 0.173828125 0.01171875 0.11328125 0.015625
3 0.197265625 0.05859375 0.10546875 0.0859375
3 0.21484375 0.140625 0.09375 0.0859375
3 0.123046875 0.255859375 0.08984375 0.08984375
3 0.203125 0.23828125 0.0859375 0.078125
3 0.1796875 0.34375 0.1015625 0.09375
3 0.080078125 0.359375 0.09765625 0.1015625
3 0.037109375 0.275390625 0.06640625 0.06640625
3 0.064453125 0.00390625 0.07421875 0.0
3 0.087890625 0.0390625 0.06640625 0.0625
3 0.1015625 0.09375 0.0703125 0.0703125
3 0.12109375 0.1640625 0.09375 0.078125
