0 0.3046875 0.5615234375 0.05859375 0.044921875
3 0.7333984375 0.8310546875 0.052734375 0.056640625
3 0.8056640625 0.8076171875 0.052734375 0.056640625
3 0.7578125 0.896484375 0.05859375 0.0546875
3 0.8291015625 0.875 0.056640625 0.05078125
3 0.923828125 0.83984375 0.0546875 0.05078125
3 0.9970703125 0.8779296875 0.005859375 0.052734375
3 0.9462890625 0.9052734375 0.060546875 0.052734375
3 0.857421875 0.9404296875 0.06640625 0.060546875
3 0.7822265625 0.96484375 0.060546875 0.0546875
3 0.8818359375 0.990234375 0.056640625 0.01953125
3 0.974609375 0.97265625 0.05078125 0.0546875
