0 0.05859375 0.66015625 0.046875 0.0234375
0 0.130859375 0.65625 0.05859375 0.015625
0 0.0625 0.6875 0.046875 0.0234375
0 0.13671875 0.6796875 0.046875 0.0234375
0 0.193359375 0.65625 0.05859375 0.03125
0 0.291015625 0.6796875 0.05078125 0.0234375
0 0.25390625 0.619140625 0.078125 0.01953125
0 0.3671875 0.638671875 0.0625 0.01953125
0 0.5078125 0.640625 0.046875 0.015625
0 0.47265625 0.671875 0.046875 0.0234375
0 0.5625 0.677734375 0.0390625 0.01953125
0 0.541015625 0.619140625 0.05078125 0.01953125
0 0.61328125 0.658203125 0.0546875 0.01953125
0 0.658203125 0.64453125 0.04296875 0.015625
0 0.724609375 0.630859375 0.04296875 0.02734375
0 0.83203125 0.619140625 0.0546875 0.01953125
0 0.943359375 0.609375 0.06640625 0.0234375
0 0.8828125 0.443359375 0.03125 0.05859375
0 0.26171875 0.646484375 0.046875 0.02734375
