2 0.8193359375 0.048828125 0.111328125 0.09765625
2 0.90625 0.056640625 0.11328125 0.11328125
2 0.736328125 0.1484375 0.11328125 0.12109375
2 0.9091796875 0.1591796875 0.099609375 0.107421875
2 0.453125 0.396484375 0.08984375 0.11328125
2 0.625 0.3896484375 0.09375 0.115234375
2 0.7978515625 0.40234375 0.095703125 0.1171875
2 0.888671875 0.4130859375 0.08984375 0.107421875
2 0.958984375 0.404296875 0.078125 0.11328125
2 0.3984375 0.50390625 0.1015625 0.1015625
2 0.5 0.5009765625 0.125 0.115234375
2 0.7568359375 0.533203125 0.115234375 0.11328125
2 0.83984375 0.5263671875 0.09765625 0.099609375
2 0.9248046875 0.533203125 0.099609375 0.11328125
2 0.8330078125 0.73046875 0.138671875 0.15625
2 0.9453125 0.7421875 0.10546875 0.125
