3 0.30859375 0.0390625 0.0234375 0.0234375
3 0.548828125 0.36328125 0.02734375 0.0390625
3 0.57421875 0.384765625 0.03125 0.01953125
3 0.42578125 0.302734375 0.0234375 0.02734375
3 0.513671875 0.4140625 0.02734375 0.03125
3 0.515625 0.439453125 0.046875 0.02734375
3 0.2734375 0.740234375 0.03125 0.03515625
3 0.154296875 0.783203125 0.02734375 0.01953125
3 0.171875 0.80859375 0.0234375 0.0234375
3 0.19140625 0.830078125 0.0234375 0.01953125
3 0.197265625 0.853515625 0.03515625 0.02734375
3 0.228515625 0.87109375 0.03515625 0.0234375
3 0.154296875 0.830078125 0.02734375 0.01953125
3 0.169921875 0.853515625 0.02734375 0.01953125
3 0.185546875 0.876953125 0.03515625 0.01953125
3 0.208984375 0.896484375 0.03515625 0.01953125
4 0.880859375 0.296875 0.20703125 0.109375
4 0.89453125 0.373046875 0.1953125 0.08203125
