2 0.1298828125 0.1181640625 0.076171875 0.080078125
2 0.3798828125 0.1142578125 0.072265625 0.080078125
2 0.6298828125 0.1181640625 0.080078125 0.087890625
2 0.8759765625 0.115234375 0.080078125 0.0859375
2 0.1279296875 0.37109375 0.072265625 0.0625
2 0.3779296875 0.369140625 0.072265625 0.06640625
2 0.6240234375 0.37109375 0.072265625 0.0625
2 0.8779296875 0.37109375 0.076171875 0.05859375
2 0.126953125 0.619140625 0.07421875 0.0546875
2 0.376953125 0.6171875 0.078125 0.05859375
2 0.6298828125 0.6201171875 0.076171875 0.048828125
2 0.876953125 0.619140625 0.08203125 0.05078125
2 0.125 0.8701171875 0.078125 0.064453125
2 0.3779296875 0.8720703125 0.068359375 0.033203125
2 0.625 0.873046875 0.06640625 0.03515625
2 0.8662109375 0.865234375 0.083984375 0.0625
