3 0.044921875 0.9775390625 0.05859375 0.068359375
3 0.2021484375 0.6826171875 0.060546875 0.068359375
3 0.259765625 0.6279296875 0.0625 0.060546875
3 0.1904296875 0.59765625 0.060546875 0.0625
3 0.1806640625 0.5146484375 0.056640625 0.064453125
3 0.2490234375 0.546875 0.064453125 0.0703125
3 0.2392578125 0.45703125 0.064453125 0.07421875
3 0.32421875 0.529296875 0.05859375 0.0625
3 0.3212890625 0.4404296875 0.064453125 0.068359375
3 0.3828125 0.42578125 0.0625 0.0703125
3 0.3935546875 0.51171875 0.060546875 0.06640625
3 0.4541015625 0.4111328125 0.060546875 0.068359375
3 0.46875 0.5029296875 0.07421875 0.072265625
3 0.5283203125 0.4443359375 0.056640625 0.064453125
3 0.583984375 0.388671875 0.05859375 0.0625
3 0.5703125 0.5107421875 0.05859375 0.060546875
3 0.6240234375 0.4560546875 0.060546875 0.064453125
3 0.6171875 0.578125 0.05859375 0.06640625
3 0.6689453125 0.51953125 0.056640625 0.06640625
3 0.6630859375 0.64453125 0.056640625 0.0703125
3 0.7138671875 0.5908203125 0.064453125 0.068359375
3 0.703125 0.7138671875 0.06640625 0.060546875
3 0.759765625 0.658203125 0.05859375 0.0703125
3 0.7509765625 0.7783203125 0.056640625 0.064453125
3 0.8046875 0.7236328125 0.0546875 0.064453125
3 0.794921875 0.8486328125 0.05859375 0.068359375
3 0.849609375 0.7919921875 0.05859375 0.068359375
3 0.8955078125 0.859375 0.056640625 0.0625
3 0.51953125 0.1796875 0.0546875 0.06640625
3 0.53125 0.265625 0.05859375 0.0703125
3 0.58984375 0.1640625 0.05859375 0.0625
3 0.599609375 0.251953125 0.0546875 0.0703125
3 0.6552734375 0.1943359375 0.052734375 0.072265625
3 0.6552734375 0.314453125 0.056640625 0.05859375
3 0.7109375 0.259765625 0.05859375 0.0703125
3 0.6982421875 0.380859375 0.064453125 0.06640625
3 0.751953125 0.3271484375 0.05859375 0.060546875
3 0.74609375 0.4453125 0.0546875 0.06640625
3 0.796875 0.388671875 0.0625 0.05859375
3 0.84375 0.4638671875 0.06640625 0.060546875
3 0.7861328125 0.513671875 0.068359375 0.06640625
3 0.8857421875 0.52734375 0.056640625 0.06640625
3 0.828125 0.58203125 0.06640625 0.06640625
3 0.9365234375 0.5927734375 0.060546875 0.064453125
3 0.8779296875 0.650390625 0.060546875 0.0625
3 0.98046875 0.6669921875 0.05859375 0.068359375
3 0.923828125 0.72265625 0.0625 0.05859375
3 0.96875 0.7841796875 0.05859375 0.060546875
3 0.05078125 0.47265625 0.04296875 0.05078125
3 0.1005859375 0.4638671875 0.041015625 0.048828125
3 0.091796875 0.404296875 0.046875 0.05078125
3 0.0419921875 0.4130859375 0.044921875 0.052734375
3 0.021484375 0.3427734375 0.046875 0.056640625
3 0.0693359375 0.3310546875 0.048828125 0.056640625
3 0.0732421875 0.2529296875 0.060546875 0.056640625
3 0.056640625 0.1884765625 0.05078125 0.052734375
3 0.849609375 0.060546875 0.0546875 0.05078125
3 0.9091796875 0.0498046875 0.052734375 0.048828125
3 0.9072265625 0.1103515625 0.048828125 0.048828125
3 0.923828125 0.177734375 0.06640625 0.0625
