0 0.589375 0.42312500000000003 0.02375 0.01625
0 0.625 0.4425 0.025 0.0175
0 0.89375 0.164375 0.025 0.01875
0 0.7425 0.619375 0.0175 0.03875
0 0.6125 0.180625 0.0225 0.01625
0 0.5856250000000001 0.68875 0.01375 0.0425
0 0.6 0.261875 0.035 0.02125
0 0.875 0.229375 0.0225 0.02375
0 0.675625 0.29125 0.03625 0.0175
0 0.8512500000000001 0.31375000000000003 0.015 0.02
0 0.62625 0.289375 0.0625 0.03125
0 0.563125 0.950625 0.00875 0.01625
0 0.638125 0.286875 0.03125 0.01625
0 0.658125 0.153125 0.051250000000000004 0.03875
0 0.615 0.598125 0.0225 0.05625
0 0.56625 0.7937500000000001 0.015 0.0225
