3 0.046875 0.556640625 0.05859375 0.0546875
3 0.0595703125 0.4853515625 0.052734375 0.052734375
3 0.1181640625 0.5302734375 0.056640625 0.056640625
3 0.138671875 0.4609375 0.0703125 0.05859375
3 0.0751953125 0.4169921875 0.052734375 0.052734375
3 0.142578125 0.3935546875 0.0546875 0.052734375
3 0.189453125 0.7138671875 0.046875 0.048828125
3 0.244140625 0.7236328125 0.046875 0.044921875
3 0.296875 0.7314453125 0.04296875 0.044921875
3 0.3525390625 0.73828125 0.052734375 0.04296875
3 0.4169921875 0.7763671875 0.056640625 0.052734375
3 0.4775390625 0.7509765625 0.060546875 0.052734375
3 0.5205078125 0.80078125 0.052734375 0.0546875
3 0.375 0.83203125 0.05078125 0.04296875
3 0.2880859375 0.7998046875 0.041015625 0.041015625
3 0.236328125 0.796875 0.0546875 0.05078125
3 0.1611328125 0.779296875 0.041015625 0.04296875
3 0.15625 0.830078125 0.046875 0.04296875
3 0.2255859375 0.8408203125 0.044921875 0.044921875
3 0.28515625 0.849609375 0.05859375 0.05078125
3 0.3505859375 0.8779296875 0.048828125 0.044921875
3 0.4052734375 0.8955078125 0.052734375 0.048828125
3 0.423828125 0.8515625 0.046875 0.046875
3 0.181640625 0.6005859375 0.046875 0.048828125
3 0.23828125 0.6083984375 0.05078125 0.041015625
3 0.1767578125 0.6513671875 0.048828125 0.044921875
3 0.23046875 0.6552734375 0.05078125 0.044921875
3 0.5673828125 0.490234375 0.052734375 0.05859375
3 0.63671875 0.5185546875 0.05859375 0.060546875
3 0.7060546875 0.546875 0.060546875 0.0546875
3 0.6748046875 0.611328125 0.060546875 0.05859375
3 0.609375 0.583984375 0.0546875 0.05859375
3 0.546875 0.55078125 0.0703125 0.05859375
3 0.5126953125 0.6171875 0.072265625 0.0546875
3 0.4521484375 0.63671875 0.060546875 0.046875
3 0.53125 0.689453125 0.0546875 0.05078125
3 0.5595703125 0.63671875 0.044921875 0.05859375
3 0.62109375 0.6650390625 0.05859375 0.052734375
3 0.5859375 0.7099609375 0.05859375 0.048828125
3 0.4462890625 0.0908203125 0.064453125 0.052734375
3 0.5126953125 0.1201171875 0.056640625 0.060546875
3 0.6083984375 0.1328125 0.064453125 0.05859375
3 0.6748046875 0.158203125 0.056640625 0.0546875
3 0.7431640625 0.1845703125 0.056640625 0.060546875
3 0.7119140625 0.2509765625 0.060546875 0.060546875
3 0.6435546875 0.220703125 0.056640625 0.05859375
3 0.5791015625 0.193359375 0.056640625 0.0546875
3 0.490234375 0.1845703125 0.07421875 0.060546875
3 0.4189453125 0.1552734375 0.072265625 0.056640625
3 0.38671875 0.22265625 0.07421875 0.05859375
3 0.4609375 0.248046875 0.06640625 0.05859375
3 0.5390625 0.2744140625 0.05859375 0.060546875
3 0.51171875 0.3388671875 0.05859375 0.060546875
3 0.6064453125 0.302734375 0.064453125 0.05859375
3 0.578125 0.3671875 0.0625 0.05078125
3 0.6767578125 0.333984375 0.056640625 0.0625
3 0.6455078125 0.3994140625 0.060546875 0.060546875
3 0.791015625 0.3046875 0.0625 0.0625
3 0.8544921875 0.33203125 0.060546875 0.05078125
3 0.7568359375 0.369140625 0.056640625 0.05859375
3 0.8271484375 0.396484375 0.060546875 0.05859375
3 0.7275390625 0.43359375 0.052734375 0.0546875
3 0.8017578125 0.4599609375 0.068359375 0.060546875
3 0.9306640625 0.4365234375 0.068359375 0.060546875
3 0.890625 0.4990234375 0.05859375 0.056640625
3 0.9619140625 0.5322265625 0.068359375 0.060546875
