3 0.0390625 0.03125 0.07421875 0.05859375
3 0.037109375 0.421875 0.0625 0.05859375
3 0.107421875 0.4306640625 0.0625 0.060546875
3 0.203125 0.4267578125 0.046875 0.041015625
3 0.203125 0.4765625 0.05859375 0.046875
3 0.1953125 0.5263671875 0.0546875 0.037109375
3 0.181640625 0.5673828125 0.05078125 0.044921875
3 0.099609375 0.505859375 0.06640625 0.0625
3 0.0341796875 0.490234375 0.064453125 0.05078125
3 0.015625 0.556640625 0.06640625 0.05859375
3 0.0947265625 0.572265625 0.068359375 0.05859375
