2 0.6298828125 0.0869140625 0.095703125 0.123046875
2 0.7021484375 0.109375 0.091796875 0.1171875
2 0.9580078125 0.1796875 0.080078125 0.1171875
2 0.9130859375 0.298828125 0.083984375 0.10546875
2 0.8408203125 0.291015625 0.091796875 0.125
2 0.7734375 0.2822265625 0.09765625 0.111328125
2 0.7109375 0.25 0.09375 0.11328125
2 0.5 0.5009765625 0.09375 0.138671875
2 0.5654296875 0.5361328125 0.087890625 0.107421875
2 0.6298828125 0.55859375 0.099609375 0.12890625
2 0.703125 0.55859375 0.09375 0.12109375
2 0.7685546875 0.576171875 0.095703125 0.1171875
2 0.4501953125 0.626953125 0.091796875 0.12109375
2 0.5810546875 0.6748046875 0.083984375 0.111328125
2 0.650390625 0.6845703125 0.09375 0.123046875
2 0.314453125 0.0380859375 0.12890625 0.060546875
2 0.275390625 0.234375 0.12890625 0.07421875
2 0.25 0.306640625 0.109375 0.05859375
2 0.228515625 0.4267578125 0.15234375 0.091796875
2 0.578125 0.19921875 0.078125 0.10546875
