2 0.9130859375 0.259765625 0.052734375 0.09375
2 0.837890625 0.5107421875 0.05859375 0.083984375
2 0.7509765625 0.5 0.060546875 0.09375
2 0.6494140625 0.509765625 0.056640625 0.09765625
2 0.5810546875 0.5029296875 0.056640625 0.080078125
2 0.55078125 0.6298828125 0.06640625 0.095703125
2 0.5009765625 0.5009765625 0.056640625 0.083984375
2 0.3203125 0.4931640625 0.05859375 0.091796875
2 0.236328125 0.4970703125 0.0625 0.099609375
2 0.16015625 0.4814453125 0.0625 0.091796875
2 0.0791015625 0.4560546875 0.072265625 0.103515625
2 0.3505859375 0.2236328125 0.072265625 0.087890625
