2 0.1220703125 0.1318359375 0.076171875 0.056640625
2 0.369140625 0.123046875 0.078125 0.0546875
2 0.6171875 0.1240234375 0.0859375 0.048828125
2 0.86328125 0.1240234375 0.08203125 0.037109375
2 0.1162109375 0.3720703125 0.080078125 0.037109375
2 0.3671875 0.37109375 0.078125 0.04296875
2 0.619140625 0.3759765625 0.0703125 0.033203125
2 0.865234375 0.3740234375 0.0703125 0.033203125
2 0.119140625 0.6220703125 0.08203125 0.044921875
2 0.3740234375 0.6201171875 0.080078125 0.060546875
2 0.619140625 0.623046875 0.09375 0.0625
2 0.869140625 0.62109375 0.08203125 0.05859375
2 0.123046875 0.875 0.0859375 0.06640625
2 0.37109375 0.8798828125 0.07421875 0.072265625
2 0.6220703125 0.8779296875 0.076171875 0.080078125
2 0.875 0.8759765625 0.0703125 0.080078125
