3 0.6640625 0.65234375 0.03125 0.03125
3 0.6953125 0.681640625 0.0234375 0.02734375
3 0.740234375 0.673828125 0.03515625 0.01953125
3 0.744140625 0.705078125 0.02734375 0.02734375
3 0.7109375 0.7109375 0.0234375 0.0234375
3 0.859375 0.37890625 0.03125 0.03125
3 0.681640625 0.4609375 0.02734375 0.0234375
3 0.751953125 0.404296875 0.02734375 0.02734375
3 0.87109375 0.6953125 0.03125 0.0234375
3 0.865234375 0.658203125 0.02734375 0.01953125
3 0.669921875 0.4296875 0.02734375 0.0234375
3 0.70703125 0.423828125 0.03125 0.01953125
3 0.720703125 0.45703125 0.02734375 0.0234375
3 0.646484375 0.427734375 0.02734375 0.01953125
3 0.73046875 0.435546875 0.015625 0.01171875
3 0.927734375 0.603515625 0.01953125 0.01953125
3 0.919921875 0.669921875 0.04296875 0.01953125
3 0.94921875 0.615234375 0.015625 0.01953125
3 0.92578125 0.546875 0.03125 0.0234375
3 0.927734375 0.572265625 0.03515625 0.02734375
3 0.90234375 0.544921875 0.0234375 0.01953125
3 0.935546875 0.345703125 0.02734375 0.01953125
3 0.5546875 0.259765625 0.046875 0.02734375
3 0.541015625 0.234375 0.04296875 0.0234375
3 0.529296875 0.205078125 0.03515625 0.01953125
3 0.521484375 0.1796875 0.03515625 0.0234375
3 0.458984375 0.16015625 0.02734375 0.0234375
3 0.47265625 0.1953125 0.0234375 0.0234375
3 0.431640625 0.166015625 0.01953125 0.01953125
3 0.408203125 0.171875 0.02734375 0.0234375
3 0.44921875 0.189453125 0.0234375 0.02734375
3 0.70703125 0.6484375 0.03125 0.0234375
3 0.8984375 0.28125 0.0234375 0.015625
3 0.462890625 0.080078125 0.02734375 0.01953125
3 0.482421875 0.025390625 0.02734375 0.01953125
3 0.505859375 0.037109375 0.01953125 0.01953125
5 0.44140625 0.91015625 0.171875 0.0390625
