3 0.724609375 0.576171875 0.03515625 0.02734375
3 0.7578125 0.576171875 0.03125 0.02734375
3 0.72265625 0.53125 0.03125 0.0234375
3 0.76171875 0.53515625 0.03125 0.0234375
3 0.72265625 0.5078125 0.03125 0.0234375
3 0.76171875 0.5078125 0.03125 0.0234375
3 0.802734375 0.53515625 0.02734375 0.0234375
3 0.80078125 0.513671875 0.0234375 0.01953125
3 0.802734375 0.48828125 0.02734375 0.015625
3 0.833984375 0.53515625 0.03515625 0.0234375
3 0.8359375 0.5078125 0.0234375 0.0234375
3 0.833984375 0.490234375 0.01953125 0.01171875
3 0.43359375 0.69140625 0.03125 0.03125
3 0.4375 0.6640625 0.0390625 0.03125
3 0.40625 0.720703125 0.015625 0.02734375
3 0.431640625 0.720703125 0.01953125 0.01953125
3 0.396484375 0.6796875 0.01953125 0.0234375
3 0.39453125 0.662109375 0.0234375 0.01171875
3 0.396484375 0.646484375 0.01953125 0.01953125
3 0.755859375 0.4296875 0.03515625 0.03125
3 0.755859375 0.404296875 0.02734375 0.02734375
3 0.75390625 0.376953125 0.0390625 0.02734375
3 0.009765625 0.888671875 0.01953125 0.01953125
3 0.0234375 0.896484375 0.015625 0.01953125
3 0.04296875 0.904296875 0.0234375 0.01953125
3 0.060546875 0.912109375 0.01953125 0.01953125
3 0.015625 0.876953125 0.0078125 0.01171875
3 0.033203125 0.884765625 0.01171875 0.01171875
3 0.052734375 0.88671875 0.01171875 0.015625
3 0.068359375 0.89453125 0.01953125 0.015625
3 0.01171875 0.8359375 0.015625 0.0234375
3 0.033203125 0.845703125 0.01953125 0.01953125
3 0.0234375 0.822265625 0.015625 0.01171875
3 0.04296875 0.830078125 0.015625 0.01171875
3 0.03125 0.806640625 0.015625 0.01171875
3 0.0546875 0.814453125 0.015625 0.01171875
3 0.0390625 0.791015625 0.015625 0.01171875
3 0.05078125 0.794921875 0.015625 0.01171875
3 0.0625 0.802734375 0.015625 0.01171875
3 0.05078125 0.775390625 0.015625 0.01171875
3 0.05859375 0.779296875 0.015625 0.01171875
3 0.0703125 0.783203125 0.015625 0.01171875
3 0.05859375 0.861328125 0.015625 0.01171875
3 0.078125 0.865234375 0.015625 0.01171875
3 0.0703125 0.845703125 0.015625 0.01171875
3 0.08203125 0.849609375 0.015625 0.01953125
3 0.07421875 0.830078125 0.015625 0.01953125
3 0.09375 0.837890625 0.015625 0.01953125
3 0.0859375 0.818359375 0.015625 0.01953125
3 0.1015625 0.822265625 0.015625 0.01953125
3 0.08984375 0.806640625 0.015625 0.01953125
3 0.109375 0.810546875 0.015625 0.01953125
3 0.1015625 0.794921875 0.015625 0.01953125
3 0.1171875 0.798828125 0.015625 0.01953125
