0 0.963 0.3295 0.07200000000000001 0.093
0 0.92 0.366 0.158 0.122
0 0.9225 0.423 0.097 0.082
0 0.925 0.777 0.148 0.052000000000000005
0 0.926 0.8130000000000001 0.146 0.046
0 0.9530000000000001 0.8455 0.092 0.037
0 0.9540000000000001 0.874 0.09 0.03
0 0.9595 0.9015 0.079 0.037
0 0.9560000000000001 0.933 0.08600000000000001 0.036000000000000004
0 0.9480000000000001 0.9585 0.10200000000000001 0.037
0 0.9460000000000001 0.983 0.106 0.032
0 0.926 0.489 0.11 0.10200000000000001
0 0.9105 0.5385 0.133 0.091
0 0.8875000000000001 0.605 0.123 0.05
0 0.894 0.5695 0.126 0.065
0 0.7065 0.5795 0.229 0.049
0 0.666 0.617 0.122 0.038
0 0.663 0.6515 0.068 0.037
