3 0.00390625 0.2275390625 0.00390625 0.068359375
3 0.044921875 0.2333984375 0.05078125 0.068359375
3 0.037109375 0.318359375 0.0625 0.0703125
3 0.111328125 0.23828125 0.0625 0.07421875
3 0.107421875 0.32421875 0.0625 0.06640625
3 0.208984375 0.2470703125 0.05859375 0.068359375
3 0.2783203125 0.25390625 0.056640625 0.06640625
3 0.2041015625 0.333984375 0.052734375 0.06640625
3 0.2724609375 0.33984375 0.060546875 0.0703125
3 0.1982421875 0.4169921875 0.056640625 0.064453125
3 0.267578125 0.42578125 0.0546875 0.0703125
3 0.36328125 0.2626953125 0.0625 0.072265625
3 0.435546875 0.2685546875 0.0546875 0.068359375
3 0.501953125 0.279296875 0.0625 0.0703125
3 0.361328125 0.349609375 0.05078125 0.0625
3 0.4287109375 0.35546875 0.056640625 0.0703125
3 0.498046875 0.361328125 0.0546875 0.06640625
3 0.5849609375 0.361328125 0.052734375 0.06640625
3 0.6533203125 0.3662109375 0.056640625 0.064453125
3 0.3525390625 0.4619140625 0.056640625 0.068359375
3 0.421875 0.46484375 0.0546875 0.06640625
3 0.4912109375 0.4716796875 0.052734375 0.068359375
3 0.5791015625 0.4462890625 0.060546875 0.064453125
3 0.650390625 0.453125 0.0546875 0.06640625
3 0.34765625 0.5439453125 0.0546875 0.068359375
3 0.4169921875 0.55078125 0.052734375 0.0625
3 0.4853515625 0.5546875 0.056640625 0.0625
3 0.57421875 0.5341796875 0.05078125 0.064453125
3 0.64453125 0.5390625 0.0546875 0.0703125
3 0.2666015625 0.115234375 0.064453125 0.06640625
3 0.3388671875 0.119140625 0.060546875 0.06640625
3 0.404296875 0.125 0.05078125 0.0703125
3 0.2724609375 0.0283203125 0.056640625 0.064453125
3 0.337890625 0.03515625 0.0546875 0.06640625
3 0.4111328125 0.04296875 0.056640625 0.06640625
3 0.81640625 0.0751953125 0.05078125 0.060546875
3 0.8720703125 0.0185546875 0.052734375 0.064453125
