3 0.359375 0.947265625 0.03125 0.02734375
3 0.419921875 0.931640625 0.03515625 0.02734375
3 0.439453125 0.912109375 0.02734375 0.02734375
3 0.498046875 0.869140625 0.02734375 0.02734375
3 0.4453125 0.859375 0.0234375 0.0234375
3 0.521484375 0.837890625 0.01953125 0.02734375
3 0.474609375 0.828125 0.02734375 0.0234375
3 0.42578125 0.798828125 0.03125 0.02734375
3 0.44921875 0.775390625 0.03125 0.02734375
3 0.537109375 0.798828125 0.03515625 0.02734375
3 0.53125 0.765625 0.03125 0.03125
3 0.71875 0.625 0.0390625 0.0390625
3 0.650390625 0.62109375 0.04296875 0.0390625
3 0.654296875 0.5859375 0.04296875 0.0390625
3 0.701171875 0.572265625 0.04296875 0.03515625
4 0.59765625 0.740234375 0.0390625 0.01953125
4 0.603515625 0.310546875 0.02734375 0.01953125
