3 0.166015625 0.365234375 0.02734375 0.03515625
3 0.208984375 0.35546875 0.03515625 0.03125
3 0.33984375 0.341796875 0.0390625 0.03515625
3 0.38671875 0.3359375 0.03125 0.03125
3 0.4140625 0.337890625 0.03125 0.03515625
3 0.3828125 0.3125 0.03125 0.03125
3 0.41796875 0.3203125 0.03125 0.0234375
3 0.55859375 0.47265625 0.03125 0.0234375
3 0.595703125 0.466796875 0.03515625 0.02734375
3 0.625 0.466796875 0.03125 0.03515625
3 0.55859375 0.4453125 0.0390625 0.0234375
4 0.25390625 0.2890625 0.03125 0.0390625
4 0.564453125 0.19140625 0.03515625 0.03125
