2 0.8095703125 0.2802734375 0.119140625 0.068359375
2 0.8173828125 0.3427734375 0.123046875 0.056640625
2 0.8076171875 0.4052734375 0.123046875 0.048828125
2 0.7841796875 0.4580078125 0.205078125 0.091796875
2 0.7998046875 0.521484375 0.130859375 0.078125
2 0.6455078125 0.6201171875 0.064453125 0.107421875
2 0.5 0.5 0.078125 0.12109375
2 0.4140625 0.45703125 0.08984375 0.1171875
2 0.2333984375 0.3984375 0.103515625 0.09375
2 0.212890625 0.32421875 0.12109375 0.1015625
2 0.1416015625 0.279296875 0.142578125 0.12109375
2 0.05078125 0.69921875 0.06640625 0.1015625
