0 0.314453125 0.88671875 0.08984375 0.0703125
0 0.494140625 0.833984375 0.07421875 0.08203125
0 0.587890625 0.63671875 0.12109375 0.1015625
0 0.69921875 0.490234375 0.1015625 0.08984375
0 0.767578125 0.193359375 0.15234375 0.12890625
0 0.93359375 0.03125 0.109375 0.0546875
0 0.365234375 0.40625 0.17578125 0.1875
0 0.1171875 0.552734375 0.1328125 0.08984375
0 0.029296875 0.732421875 0.05078125 0.07421875
0 0.09765625 0.818359375 0.1015625 0.07421875
0 0.193359375 0.935546875 0.10546875 0.07421875
0 0.375 0.697265625 0.078125 0.09765625
0 0.50390625 0.486328125 0.078125 0.05078125
0 0.580078125 0.27734375 0.08984375 0.1328125
0 0.900390625 0.271484375 0.07421875 0.09765625
