3 0.00390625 0.4453125 0.0 0.1328125
3 0.052734375 0.587890625 0.09765625 0.13671875
3 0.12890625 0.72265625 0.1171875 0.140625
3 0.111328125 0.94921875 0.11328125 0.1015625
3 0.21875 0.853515625 0.109375 0.12890625
3 0.11328125 0.0625 0.1171875 0.1171875
3 0.1015625 0.296875 0.109375 0.1328125
3 0.203125 0.18359375 0.125 0.1171875
3 0.296875 0.333984375 0.1328125 0.12109375
3 0.181640625 0.43359375 0.13671875 0.1328125
3 0.380859375 0.4609375 0.11328125 0.1328125
3 0.265625 0.5703125 0.1328125 0.1328125
3 0.482421875 0.591796875 0.12109375 0.12890625
3 0.365234375 0.70703125 0.12109375 0.125
3 0.5703125 0.740234375 0.1171875 0.13671875
3 0.45703125 0.8515625 0.125 0.1171875
3 0.650390625 0.873046875 0.11328125 0.12890625
3 0.546875 0.95703125 0.1171875 0.0859375
