1 0.055803571428571425 0.13392857142857142 0.11160714285714285 0.10714285714285714
1 0.18080357142857142 0.22098214285714285 0.17410714285714285 0.12053571428571427
1 0.05803571428571428 0.29910714285714285 0.11607142857142856 0.11607142857142856
1 0.17410714285714285 0.390625 0.17857142857142855 0.11160714285714285
1 0.05803571428571428 0.484375 0.11607142857142856 0.10267857142857142
1 0.18526785714285712 0.5625 0.16517857142857142 0.125
1 0.06026785714285714 0.6383928571428571 0.12053571428571427 0.10714285714285714
1 0.18526785714285712 0.7299107142857142 0.16517857142857142 0.1294642857142857
1 0.06026785714285714 0.8147321428571428 0.12053571428571427 0.1294642857142857
1 0.1875 0.8995535714285714 0.15178571428571427 0.11160714285714285
1 0.7075892857142857 0.05803571428571428 0.15625 0.11607142857142856
1 0.5736607142857143 0.13839285714285712 0.14732142857142858 0.10714285714285714
1 0.7075892857142857 0.22098214285714285 0.14732142857142858 0.11160714285714285
1 0.7120535714285714 0.3883928571428571 0.15625 0.10714285714285714
1 0.5803571428571428 0.4821428571428571 0.13392857142857142 0.11607142857142856
1 0.7053571428571428 0.5647321428571428 0.1607142857142857 0.12053571428571427
1 0.7098214285714285 0.734375 0.1607142857142857 0.1294642857142857
1 0.5736607142857143 0.8102678571428571 0.15625 0.1294642857142857
1 0.7120535714285714 0.90625 0.15625 0.11607142857142856
1 0.5736607142857143 0.9665178571428571 0.14732142857142858 0.06696428571428571
