3 0.9794921875 0.8974609375 0.060546875 0.060546875
3 0.80078125 0.86328125 0.05859375 0.0546875
3 0.7998046875 0.7841796875 0.056640625 0.068359375
3 0.86328125 0.7802734375 0.05859375 0.068359375
3 0.9296875 0.767578125 0.0625 0.0703125
3 0.736328125 0.7041015625 0.06640625 0.068359375
3 0.791015625 0.6474609375 0.0625 0.064453125
3 0.8671875 0.662109375 0.06640625 0.06640625
3 0.9130859375 0.6025390625 0.060546875 0.072265625
3 0.982421875 0.501953125 0.0625 0.06640625
3 0.978515625 0.205078125 0.07421875 0.06640625
