3 0.009765625 0.4873046875 0.046875 0.048828125
3 0.064453125 0.4970703125 0.046875 0.044921875
3 0.1171875 0.5048828125 0.04296875 0.044921875
3 0.1728515625 0.51171875 0.052734375 0.04296875
3 0.2373046875 0.5498046875 0.056640625 0.052734375
3 0.2978515625 0.5244140625 0.060546875 0.052734375
3 0.3408203125 0.57421875 0.052734375 0.0546875
3 0.1953125 0.60546875 0.05078125 0.04296875
3 0.1083984375 0.5732421875 0.041015625 0.041015625
3 0.056640625 0.5703125 0.0546875 0.05078125
3 0.0458984375 0.6142578125 0.044921875 0.044921875
3 0.10546875 0.623046875 0.05859375 0.05078125
3 0.1708984375 0.6513671875 0.048828125 0.044921875
3 0.2255859375 0.6689453125 0.052734375 0.048828125
3 0.244140625 0.625 0.046875 0.046875
3 0.05859375 0.3818359375 0.05078125 0.041015625
3 0.05078125 0.4287109375 0.05078125 0.044921875
3 0.3876953125 0.263671875 0.052734375 0.05859375
3 0.45703125 0.2919921875 0.05859375 0.060546875
3 0.5263671875 0.3203125 0.060546875 0.0546875
3 0.4951171875 0.384765625 0.060546875 0.05859375
3 0.4296875 0.357421875 0.0546875 0.05859375
3 0.3671875 0.32421875 0.0703125 0.05859375
3 0.3330078125 0.390625 0.072265625 0.0546875
3 0.2724609375 0.41015625 0.060546875 0.046875
3 0.3515625 0.462890625 0.0546875 0.05078125
3 0.3798828125 0.41015625 0.044921875 0.05859375
3 0.44140625 0.4384765625 0.05859375 0.052734375
3 0.40625 0.4833984375 0.05859375 0.048828125
3 0.5322265625 0.0244140625 0.060546875 0.060546875
3 0.28125 0.021484375 0.06640625 0.05859375
3 0.359375 0.0478515625 0.05859375 0.060546875
3 0.33203125 0.1123046875 0.05859375 0.060546875
3 0.4267578125 0.076171875 0.064453125 0.05859375
3 0.3984375 0.140625 0.0625 0.05078125
3 0.4970703125 0.107421875 0.056640625 0.0625
3 0.4658203125 0.1728515625 0.060546875 0.060546875
3 0.611328125 0.078125 0.0625 0.0625
3 0.6748046875 0.10546875 0.060546875 0.05078125
3 0.5771484375 0.142578125 0.056640625 0.05859375
3 0.6474609375 0.169921875 0.060546875 0.05859375
3 0.5478515625 0.20703125 0.052734375 0.0546875
3 0.6220703125 0.2333984375 0.068359375 0.060546875
3 0.7509765625 0.2099609375 0.068359375 0.060546875
3 0.7109375 0.2724609375 0.05859375 0.056640625
3 0.81640625 0.2373046875 0.05859375 0.060546875
3 0.7822265625 0.3056640625 0.068359375 0.060546875
3 0.8828125 0.2685546875 0.07421875 0.056640625
3 0.853515625 0.33203125 0.0703125 0.0625
0 0.8388671875 0.5634765625 0.048828125 0.048828125
