2 0.12890625 0.1328125 0.06640625 0.05859375
2 0.3759765625 0.1318359375 0.076171875 0.056640625
2 0.62109375 0.1220703125 0.07421875 0.048828125
2 0.8681640625 0.123046875 0.080078125 0.046875
2 0.1181640625 0.3740234375 0.068359375 0.037109375
2 0.369140625 0.373046875 0.07421875 0.03515625
2 0.6240234375 0.373046875 0.076171875 0.03515625
2 0.8701171875 0.373046875 0.076171875 0.03125
2 0.1181640625 0.6240234375 0.080078125 0.044921875
2 0.373046875 0.62109375 0.08203125 0.0546875
2 0.6162109375 0.6181640625 0.083984375 0.060546875
2 0.8701171875 0.623046875 0.083984375 0.0546875
2 0.1201171875 0.8740234375 0.091796875 0.064453125
2 0.3701171875 0.8740234375 0.087890625 0.072265625
2 0.619140625 0.8740234375 0.078125 0.076171875
2 0.869140625 0.869140625 0.08203125 0.0859375
