2 0.5 0.5 0.05078125 0.078125
2 0.2822265625 0.4833984375 0.056640625 0.083984375
2 0.5625 0.5146484375 0.05078125 0.080078125
2 0.6376953125 0.509765625 0.056640625 0.08984375
2 0.279296875 0.6162109375 0.05859375 0.087890625
2 0.3544921875 0.63671875 0.064453125 0.11328125
2 0.421875 0.6279296875 0.05078125 0.076171875
2 0.048828125 0.814453125 0.04296875 0.06640625
2 0.623046875 0.63671875 0.0546875 0.0859375
2 0.6943359375 0.6435546875 0.056640625 0.083984375
2 0.759765625 0.6455078125 0.0546875 0.083984375
2 0.828125 0.6533203125 0.05859375 0.091796875
2 0.70703125 0.5263671875 0.05078125 0.083984375
2 0.7724609375 0.525390625 0.041015625 0.078125
2 0.8447265625 0.54296875 0.052734375 0.06640625
2 0.9013671875 0.66796875 0.060546875 0.0859375
2 0.9189453125 0.548828125 0.052734375 0.06640625
