3 0.99609375 0.333984375 0.0078125 0.11328125
3 0.9921875 0.447265625 0.015625 0.09765625
3 0.984375 0.552734375 0.03125 0.08984375
3 0.921875 0.341796875 0.1328125 0.12109375
3 0.91015625 0.44921875 0.140625 0.1171875
3 0.90234375 0.5546875 0.125 0.109375
3 0.892578125 0.634765625 0.11328125 0.10546875
3 0.787109375 0.330078125 0.11328125 0.12109375
3 0.767578125 0.42578125 0.11328125 0.109375
3 0.765625 0.521484375 0.1015625 0.11328125
3 0.666015625 0.32421875 0.12109375 0.109375
3 0.65234375 0.421875 0.1171875 0.1171875
3 0.65234375 0.5078125 0.1171875 0.125
3 0.509765625 0.314453125 0.11328125 0.10546875
3 0.505859375 0.408203125 0.11328125 0.12890625
3 0.38671875 0.310546875 0.109375 0.12109375
3 0.380859375 0.412109375 0.11328125 0.11328125
3 0.26953125 0.3046875 0.1328125 0.1015625
3 0.25390625 0.3984375 0.125 0.1171875
3 0.759765625 0.193359375 0.15234375 0.10546875
3 0.8828125 0.19140625 0.1171875 0.1015625
0 0.03125 0.462890625 0.0546875 0.26171875
0 0.099609375 0.2890625 0.02734375 0.1328125
