3 0.0380859375 0.0263671875 0.068359375 0.056640625
3 0.1064453125 0.0380859375 0.060546875 0.056640625
3 0.17578125 0.0517578125 0.05859375 0.060546875
3 0.259765625 0.0400390625 0.04296875 0.044921875
3 0.3154296875 0.0458984375 0.048828125 0.044921875
3 0.3134765625 0.0986328125 0.048828125 0.044921875
3 0.2451171875 0.0908203125 0.044921875 0.041015625
3 0.240234375 0.138671875 0.0390625 0.03515625
3 0.298828125 0.150390625 0.05078125 0.0390625
3 0.546875 0.0126953125 0.05859375 0.052734375
3 0.6025390625 0.056640625 0.060546875 0.0546875
3 0.6748046875 0.0673828125 0.060546875 0.052734375
0 0.53125 0.3876953125 0.171875 0.052734375
