1 0.1294642857142857 0.11607142857142856 0.15178571428571427 0.11607142857142856
1 0.11607142857142856 0.3169642857142857 0.14285714285714285 0.13392857142857142
1 0.11830357142857142 0.5424107142857143 0.16517857142857142 0.14732142857142858
1 0.109375 0.7723214285714285 0.13839285714285712 0.125
1 0.10714285714285714 0.9665178571428571 0.14285714285714285 0.06696428571428571
1 0.640625 0.11607142857142856 0.14732142857142858 0.14285714285714285
1 0.5178571428571428 0.22544642857142855 0.13392857142857142 0.1294642857142857
1 0.6495535714285714 0.3370535714285714 0.1294642857142857 0.1294642857142857
1 0.53125 0.45535714285714285 0.15178571428571427 0.15178571428571427
1 0.65625 0.5535714285714285 0.15178571428571427 0.125
1 0.5290178571428571 0.671875 0.15625 0.12053571428571427
1 0.6584821428571428 0.7767857142857142 0.13839285714285712 0.125
1 0.53125 0.8839285714285714 0.1607142857142857 0.125
1 0.6629464285714285 0.9620535714285714 0.14732142857142858 0.07589285714285714
