3 0.052734375 0.59375 0.09765625 0.1171875
3 0.09375 0.724609375 0.109375 0.09765625
3 0.263671875 0.677734375 0.12109375 0.10546875
3 0.240234375 0.81640625 0.12890625 0.109375
3 0.404296875 0.701171875 0.11328125 0.11328125
3 0.3828125 0.837890625 0.109375 0.10546875
3 0.560546875 0.728515625 0.14453125 0.11328125
3 0.51953125 0.859375 0.125 0.109375
3 0.6875 0.89453125 0.1171875 0.109375
3 0.712890625 0.751953125 0.10546875 0.10546875
3 0.830078125 0.841796875 0.11328125 0.11328125
3 0.87109375 0.703125 0.140625 0.1171875
3 0.744140625 0.615234375 0.10546875 0.10546875
3 0.87890625 0.568359375 0.109375 0.10546875
