3 0.423828125 0.962890625 0.04296875 0.0546875
3 0.470703125 0.978515625 0.04296875 0.04296875
3 0.517578125 0.9931640625 0.04296875 0.013671875
3 0.490234375 0.923828125 0.0390625 0.05859375
3 0.5380859375 0.9482421875 0.041015625 0.056640625
3 0.5830078125 0.97265625 0.044921875 0.0546875
3 0.4775390625 0.7900390625 0.060546875 0.072265625
3 0.5009765625 0.7099609375 0.060546875 0.072265625
3 0.57421875 0.73828125 0.06640625 0.06640625
3 0.544921875 0.8212890625 0.06640625 0.072265625
3 0.62890625 0.7734375 0.0625 0.0703125
3 0.60546875 0.8525390625 0.05859375 0.068359375
3 0.7138671875 0.8134765625 0.064453125 0.072265625
3 0.6953125 0.89453125 0.06640625 0.06640625
3 0.779296875 0.8466796875 0.0546875 0.068359375
3 0.755859375 0.927734375 0.0546875 0.06640625
3 0.8427734375 0.876953125 0.060546875 0.07421875
3 0.826171875 0.958984375 0.07421875 0.078125
3 0.75 0.73046875 0.046875 0.0625
3 0.814453125 0.7587890625 0.05078125 0.056640625
3 0.5458984375 0.55859375 0.056640625 0.06640625
3 0.6123046875 0.5869140625 0.056640625 0.068359375
3 0.677734375 0.619140625 0.0625 0.06640625
3 0.7646484375 0.6591796875 0.052734375 0.068359375
3 0.826171875 0.689453125 0.0546875 0.0703125
3 0.8564453125 0.6064453125 0.060546875 0.072265625
3 0.7861328125 0.576171875 0.056640625 0.0703125
3 0.7041015625 0.5380859375 0.056640625 0.072265625
3 0.6396484375 0.50390625 0.060546875 0.07421875
3 0.57421875 0.478515625 0.05859375 0.0703125
