3 0.0537109375 0.611328125 0.056640625 0.05859375
3 0.119140625 0.6376953125 0.05078125 0.052734375
3 0.18359375 0.611328125 0.05078125 0.0546875
3 0.2529296875 0.5859375 0.056640625 0.05859375
3 0.3173828125 0.55078125 0.052734375 0.05859375
3 0.3427734375 0.6708984375 0.056640625 0.056640625
3 0.4169921875 0.6826171875 0.052734375 0.060546875
3 0.4921875 0.7001953125 0.05859375 0.060546875
3 0.509765625 0.7822265625 0.05078125 0.056640625
3 0.4423828125 0.80859375 0.052734375 0.05859375
3 0.37109375 0.7685546875 0.05078125 0.056640625
3 0.3017578125 0.802734375 0.048828125 0.0546875
3 0.2177734375 0.7890625 0.052734375 0.0546875
3 0.2041015625 0.8564453125 0.056640625 0.052734375
3 0.03515625 0.9794921875 0.05859375 0.060546875
