3 0.0625 0.494140625 0.0859375 0.08984375
3 0.173828125 0.5078125 0.10546875 0.0859375
3 0.302734375 0.583984375 0.11328125 0.10546875
3 0.423828125 0.533203125 0.12109375 0.10546875
3 0.509765625 0.6328125 0.10546875 0.109375
3 0.21875 0.6953125 0.1015625 0.0859375
3 0.044921875 0.630859375 0.08203125 0.08203125
3 0.05078125 0.73046875 0.09375 0.1015625
3 0.169921875 0.787109375 0.09765625 0.08984375
3 0.279296875 0.822265625 0.10546875 0.09765625
3 0.31640625 0.734375 0.09375 0.09375
3 0.603515625 0.037109375 0.10546875 0.06640625
3 0.7421875 0.068359375 0.1171875 0.12109375
3 0.880859375 0.125 0.12109375 0.109375
3 0.818359375 0.25390625 0.12109375 0.1171875
3 0.6875 0.19921875 0.109375 0.1171875
3 0.5625 0.1328125 0.140625 0.1171875
3 0.494140625 0.265625 0.14453125 0.109375
3 0.373046875 0.3046875 0.12109375 0.09375
3 0.53125 0.41015625 0.109375 0.1015625
3 0.587890625 0.3046875 0.08984375 0.1171875
3 0.7109375 0.361328125 0.1171875 0.10546875
3 0.640625 0.451171875 0.1171875 0.09765625
