1 0.21205357142857142 0.45982142857142855 0.1294642857142857 0.13392857142857142
1 0.32366071428571425 0.3325892857142857 0.12053571428571427 0.1294642857142857
1 0.44419642857142855 0.44866071428571425 0.1294642857142857 0.14732142857142858
1 0.5491071428571428 0.3325892857142857 0.11607142857142856 0.13839285714285712
1 0.6629464285714285 0.46428571428571425 0.12053571428571427 0.15178571428571427
1 0.7700892857142857 0.3370535714285714 0.13839285714285712 0.1294642857142857
1 0.875 0.45535714285714285 0.125 0.14285714285714285
1 0.9888392857142857 0.34375 0.11160714285714285 0.125
1 0.21428571428571427 0.9955357142857142 0.11607142857142856 0.13392857142857142
1 0.3214285714285714 0.8616071428571428 0.11607142857142856 0.13392857142857142
1 0.44866071428571425 1.0 0.1294642857142857 0.14285714285714285
1 0.546875 0.8683035714285714 0.11160714285714285 0.1294642857142857
1 0.6629464285714285 0.9955357142857142 0.11160714285714285 0.13392857142857142
1 0.8928571428571428 0.9977678571428571 0.10714285714285714 0.13839285714285712
1 0.9955357142857142 0.8727678571428571 0.13392857142857142 0.13839285714285712
