0 0.28125 0.7041015625 0.06640625 0.064453125
3 0.4765625 0.5751953125 0.04296875 0.048828125
3 0.5146484375 0.5927734375 0.044921875 0.048828125
3 0.55078125 0.6123046875 0.046875 0.048828125
3 0.6005859375 0.6259765625 0.044921875 0.041015625
3 0.6455078125 0.6396484375 0.044921875 0.048828125
3 0.46875 0.619140625 0.0390625 0.04296875
3 0.501953125 0.6376953125 0.0390625 0.041015625
3 0.5419921875 0.65234375 0.033203125 0.03515625
3 0.5908203125 0.6689453125 0.037109375 0.041015625
3 0.6279296875 0.6865234375 0.037109375 0.041015625
3 0.435546875 0.70703125 0.0390625 0.046875
3 0.4267578125 0.7490234375 0.037109375 0.041015625
3 0.4814453125 0.720703125 0.044921875 0.05078125
3 0.470703125 0.765625 0.04296875 0.05078125
3 0.5009765625 0.779296875 0.037109375 0.0390625
3 0.5146484375 0.7314453125 0.044921875 0.048828125
3 0.568359375 0.7578125 0.04296875 0.04296875
3 0.5546875 0.8017578125 0.05078125 0.041015625
3 0.603515625 0.76953125 0.0390625 0.046875
3 0.6455078125 0.7900390625 0.037109375 0.037109375
3 0.5947265625 0.8212890625 0.048828125 0.048828125
3 0.6357421875 0.833984375 0.044921875 0.046875
