0 0.1615 0.9715 0.301 0.055
0 0.191 0.9255 0.38 0.075
0 0.199 0.3555 0.314 0.077
0 0.17200000000000001 0.848 0.342 0.098
0 0.196 0.78 0.34800000000000003 0.1
0 0.17450000000000002 0.683 0.34700000000000003 0.10400000000000001
0 0.2325 0.628 0.309 0.052000000000000005
0 0.1845 0.5465 0.281 0.061
0 0.19 0.4975 0.262 0.067
0 0.201 0.453 0.306 0.09
0 0.2105 0.4165 0.295 0.095
0 0.629 0.339 0.23800000000000002 0.044
0 0.6125 0.378 0.269 0.048
0 0.6115 0.4365 0.28700000000000003 0.057
0 0.5965 0.497 0.295 0.056
0 0.589 0.551 0.27 0.056
0 0.6125 0.591 0.297 0.046
