1 0.9575892857142857 0.03571428571428571 0.08482142857142856 0.0625
1 0.07142857142857142 0.07142857142857142 0.07142857142857142 0.07142857142857142
1 0.020089285714285712 0.140625 0.040178571428571425 0.05803571428571428
1 0.07142857142857142 0.19866071428571427 0.08035714285714285 0.07589285714285714
1 0.06696428571428571 0.3169642857142857 0.07142857142857142 0.08035714285714285
1 0.06696428571428571 0.4419642857142857 0.07142857142857142 0.07142857142857142
1 0.06696428571428571 0.5736607142857143 0.07142857142857142 0.05803571428571428
1 0.0625 0.6986607142857143 0.07142857142857142 0.06696428571428571
1 0.06473214285714285 0.8236607142857142 0.07589285714285714 0.06696428571428571
1 0.06919642857142856 0.9575892857142857 0.08482142857142856 0.06696428571428571
1 0.3058035714285714 0.020089285714285712 0.08482142857142856 0.040178571428571425
1 0.375 0.06919642857142856 0.07142857142857142 0.07589285714285714
1 0.31026785714285715 0.13169642857142858 0.06696428571428571 0.06696428571428571
1 0.38169642857142855 0.203125 0.06696428571428571 0.06696428571428571
1 0.31026785714285715 0.26785714285714285 0.07589285714285714 0.0625
1 0.37723214285714285 0.32366071428571425 0.08482142857142856 0.05803571428571428
1 0.30803571428571425 0.38616071428571425 0.0625 0.06696428571428571
1 0.38169642857142855 0.4620535714285714 0.07589285714285714 0.05803571428571428
1 0.29910714285714285 0.5223214285714285 0.07142857142857142 0.0625
1 0.375 0.5736607142857143 0.07142857142857142 0.05803571428571428
1 0.31026785714285715 0.6294642857142857 0.06696428571428571 0.0625
1 0.38169642857142855 0.7008928571428571 0.07589285714285714 0.07142857142857142
1 0.3013392857142857 0.7678571428571428 0.07589285714285714 0.07142857142857142
1 0.3794642857142857 0.8348214285714285 0.08035714285714285 0.0625
1 0.30803571428571425 0.8928571428571428 0.0625 0.0625
1 0.375 0.953125 0.07142857142857142 0.05803571428571428
1 0.6160714285714285 0.8861607142857142 0.07142857142857142 0.08482142857142856
1 0.6227678571428571 0.7566964285714285 0.07589285714285714 0.05803571428571428
1 0.6205357142857143 0.6383928571428571 0.08035714285714285 0.08035714285714285
1 0.6205357142857143 0.5044642857142857 0.08035714285714285 0.08928571428571427
1 0.6138392857142857 0.375 0.07589285714285714 0.07142857142857142
1 0.6138392857142857 0.25223214285714285 0.07589285714285714 0.07589285714285714
1 0.6227678571428571 0.1294642857142857 0.07589285714285714 0.07142857142857142
