2 0.5009765625 0.5 0.126953125 0.10546875
2 0.361328125 0.4765625 0.11328125 0.09765625
2 0.310546875 0.6103515625 0.109375 0.095703125
2 0.3427734375 0.537109375 0.103515625 0.08984375
2 0.4365234375 0.61328125 0.111328125 0.09765625
2 0.404296875 0.673828125 0.109375 0.09765625
2 0.24609375 0.6650390625 0.11328125 0.095703125
2 0.3681640625 0.7421875 0.119140625 0.1015625
2 0.31640625 0.79296875 0.12109375 0.10546875
2 0.1474609375 0.814453125 0.130859375 0.10546875
2 0.2529296875 0.900390625 0.123046875 0.1015625
2 0.1318359375 0.8974609375 0.115234375 0.095703125
2 0.0576171875 0.4921875 0.115234375 0.125
2 0.072265625 0.419921875 0.1171875 0.09765625
2 0.1025390625 0.3583984375 0.115234375 0.095703125
2 0.126953125 0.310546875 0.125 0.12109375
