2 0.123046875 0.1279296875 0.08203125 0.052734375
2 0.3779296875 0.1279296875 0.087890625 0.048828125
2 0.62109375 0.1318359375 0.07421875 0.037109375
2 0.8720703125 0.1259765625 0.076171875 0.037109375
2 0.1240234375 0.3759765625 0.068359375 0.048828125
2 0.3642578125 0.3779296875 0.068359375 0.048828125
2 0.6123046875 0.369140625 0.064453125 0.05859375
2 0.869140625 0.3740234375 0.07421875 0.076171875
2 0.1162109375 0.623046875 0.064453125 0.078125
2 0.369140625 0.62109375 0.06640625 0.07421875
2 0.615234375 0.6162109375 0.0546875 0.068359375
2 0.869140625 0.619140625 0.05078125 0.06640625
2 0.1181640625 0.8759765625 0.044921875 0.072265625
2 0.369140625 0.875 0.05078125 0.06640625
2 0.619140625 0.8828125 0.04296875 0.0546875
2 0.873046875 0.8720703125 0.05078125 0.068359375
