3 0.28125 0.369140625 0.0859375 0.09765625
3 0.357421875 0.404296875 0.08984375 0.09765625
3 0.4296875 0.443359375 0.09375 0.09765625
3 0.529296875 0.470703125 0.08984375 0.08203125
3 0.619140625 0.498046875 0.08984375 0.09765625
3 0.265625 0.45703125 0.078125 0.0859375
3 0.33203125 0.494140625 0.078125 0.08203125
3 0.412109375 0.5234375 0.06640625 0.0703125
3 0.509765625 0.556640625 0.07421875 0.08203125
3 0.583984375 0.591796875 0.07421875 0.08203125
3 0.19921875 0.6328125 0.078125 0.09375
3 0.181640625 0.716796875 0.07421875 0.08203125
3 0.291015625 0.66015625 0.08984375 0.1015625
3 0.26953125 0.75 0.0859375 0.1015625
3 0.330078125 0.77734375 0.07421875 0.078125
3 0.357421875 0.681640625 0.08984375 0.09765625
3 0.46484375 0.734375 0.0859375 0.0859375
3 0.4375 0.822265625 0.1015625 0.08203125
3 0.53515625 0.7578125 0.078125 0.09375
3 0.619140625 0.798828125 0.07421875 0.07421875
3 0.517578125 0.861328125 0.09765625 0.09765625
3 0.599609375 0.88671875 0.08984375 0.09375
3 0.19921875 0.86328125 0.0625 0.0546875
3 0.251953125 0.884765625 0.05859375 0.06640625
3 0.310546875 0.912109375 0.06640625 0.06640625
3 0.177734375 0.931640625 0.05859375 0.06640625
3 0.23046875 0.953125 0.0625 0.0625
3 0.2890625 0.97265625 0.0625 0.0546875
