1 0.59375 0.14955357142857142 0.1607142857142857 0.12053571428571427
1 0.59375 0.32589285714285715 0.15178571428571427 0.13392857142857142
1 0.5959821428571428 0.49553571428571425 0.14732142857142858 0.10714285714285714
1 0.6004464285714285 0.6651785714285714 0.14732142857142858 0.11607142857142856
1 0.59375 0.8325892857142857 0.15178571428571427 0.12053571428571427
1 0.45535714285714285 0.9107142857142857 0.1607142857142857 0.13392857142857142
1 0.9464285714285714 0.05803571428571428 0.10714285714285714 0.11607142857142856
1 0.9464285714285714 0.22991071428571427 0.10714285714285714 0.12053571428571427
1 0.9508928571428571 0.390625 0.09821428571428571 0.1294642857142857
1 0.953125 0.5714285714285714 0.09375 0.13392857142857142
1 0.9553571428571428 0.7388392857142857 0.08928571428571427 0.1294642857142857
