3 0.22265625 0.04296875 0.0703125 0.078125
3 0.31640625 0.08203125 0.0703125 0.078125
3 0.435546875 0.033203125 0.07421875 0.05859375
3 0.396484375 0.109375 0.06640625 0.0703125
3 0.40234375 0.197265625 0.0703125 0.05859375
3 0.314453125 0.166015625 0.06640625 0.06640625
3 0.423828125 0.3203125 0.06640625 0.0703125
3 0.34375 0.287109375 0.0703125 0.07421875
3 0.275390625 0.2578125 0.07421875 0.078125
3 0.26171875 0.345703125 0.078125 0.07421875
3 0.341796875 0.375 0.05859375 0.0625
3 0.41796875 0.404296875 0.0625 0.06640625
3 0.18359375 0.21484375 0.046875 0.0703125
3 0.115234375 0.18359375 0.08203125 0.078125
3 0.087890625 0.265625 0.07421875 0.0625
3 0.146484375 0.306640625 0.05859375 0.07421875
