0 0.1155 0.8865000000000001 0.229 0.089
0 0.1065 0.8385 0.199 0.063
0 0.135 0.5640000000000001 0.166 0.07
0 0.0575 0.378 0.113 0.128
0 0.161 0.4015 0.19 0.069
0 0.165 0.264 0.20400000000000001 0.066
0 0.20550000000000002 0.1545 0.219 0.079
0 0.215 0.084 0.212 0.07200000000000001
0 0.1905 0.03 0.20500000000000002 0.058
0 0.876 0.1785 0.106 0.057
0 0.865 0.2695 0.084 0.045
0 0.885 0.618 0.076 0.076
0 0.8875000000000001 0.7815 0.081 0.051000000000000004
0 0.889 0.868 0.056 0.042
0 0.8815000000000001 0.4235 0.08700000000000001 0.039
0 0.8835000000000001 0.4885 0.083 0.063
