3 0.05859375 0.302734375 0.0390625 0.02734375
3 0.130859375 0.306640625 0.04296875 0.02734375
3 0.201171875 0.306640625 0.03515625 0.02734375
3 0.279296875 0.306640625 0.04296875 0.02734375
3 0.345703125 0.310546875 0.04296875 0.02734375
3 0.4140625 0.3125 0.0390625 0.0234375
3 0.486328125 0.314453125 0.03515625 0.02734375
3 0.55078125 0.30859375 0.03125 0.03125
3 0.619140625 0.3125 0.03515625 0.03125
3 0.046875 0.361328125 0.03125 0.02734375
3 0.107421875 0.36328125 0.02734375 0.0234375
3 0.16796875 0.36328125 0.0234375 0.0234375
3 0.224609375 0.365234375 0.02734375 0.01953125
3 0.28515625 0.3671875 0.03125 0.015625
3 0.345703125 0.3671875 0.03515625 0.0234375
3 0.423828125 0.369140625 0.02734375 0.02734375
3 0.486328125 0.369140625 0.02734375 0.02734375
3 0.552734375 0.37109375 0.02734375 0.0234375
3 0.619140625 0.373046875 0.03515625 0.02734375
3 0.619140625 0.41796875 0.02734375 0.0234375
3 0.044921875 0.40625 0.02734375 0.0234375
3 0.107421875 0.40625 0.01953125 0.0234375
3 0.166015625 0.40625 0.03515625 0.0234375
3 0.22265625 0.41015625 0.0390625 0.0234375
3 0.287109375 0.412109375 0.03515625 0.01953125
3 0.345703125 0.408203125 0.03515625 0.02734375
3 0.552734375 0.419921875 0.02734375 0.02734375
3 0.03125 0.44921875 0.03125 0.0234375
3 0.080078125 0.453125 0.02734375 0.0234375
3 0.12890625 0.453125 0.0390625 0.0234375
3 0.17578125 0.453125 0.03125 0.0234375
3 0.216796875 0.455078125 0.02734375 0.02734375
3 0.263671875 0.455078125 0.02734375 0.02734375
3 0.30859375 0.453125 0.0234375 0.0234375
3 0.3515625 0.455078125 0.0234375 0.02734375
3 0.353515625 0.486328125 0.02734375 0.01953125
3 0.615234375 0.513671875 0.02734375 0.01953125
3 0.5 0.685546875 0.03125 0.01953125
3 0.55859375 0.6875 0.03125 0.0234375
3 0.62890625 0.650390625 0.03125 0.02734375
3 0.55859375 0.72265625 0.03125 0.0234375
3 0.626953125 0.6875 0.02734375 0.0234375
3 0.62109375 0.724609375 0.0234375 0.02734375
3 0.5546875 0.7578125 0.0390625 0.0234375
3 0.62109375 0.7578125 0.03125 0.0234375
