1 0.07142857142857142 0.4821428571428571 0.14285714285714285 0.1607142857142857
1 0.2075892857142857 0.578125 0.18303571428571427 0.15625
1 0.06696428571428571 0.703125 0.13392857142857142 0.1294642857142857
1 0.20535714285714285 0.8013392857142857 0.16964285714285712 0.1294642857142857
1 0.07142857142857142 0.9263392857142857 0.14285714285714285 0.14732142857142858
1 0.65625 0.47544642857142855 0.20535714285714285 0.14732142857142858
1 0.8125 0.5803571428571428 0.1875 0.13392857142857142
1 0.6517857142857143 0.6964285714285714 0.20535714285714285 0.14285714285714285
1 0.7924107142857142 0.7879464285714285 0.1919642857142857 0.14732142857142858
1 0.6696428571428571 0.9174107142857142 0.1875 0.1294642857142857
