1 0.48046875 0.140625 0.0234375 0.015625
1 0.509765625 0.134765625 0.01953125 0.02734375
1 0.5390625 0.138671875 0.0234375 0.02734375
1 0.5703125 0.138671875 0.0234375 0.02734375
1 0.6015625 0.14453125 0.03125 0.03125
1 0.650390625 0.146484375 0.02734375 0.03515625
1 0.740234375 0.150390625 0.02734375 0.02734375
1 0.79296875 0.15234375 0.03125 0.03125
1 0.849609375 0.15625 0.02734375 0.03125
1 0.5390625 0.263671875 0.0234375 0.03515625
1 0.59765625 0.271484375 0.03125 0.03515625
1 0.658203125 0.271484375 0.02734375 0.04296875
1 0.708984375 0.2734375 0.02734375 0.03125
1 0.775390625 0.27734375 0.02734375 0.03125
1 0.828125 0.279296875 0.0234375 0.02734375
1 0.884765625 0.27734375 0.02734375 0.03125
1 0.943359375 0.283203125 0.02734375 0.02734375
1 0.328125 0.3984375 0.03125 0.03125
1 0.357421875 0.36328125 0.04296875 0.03125
1 0.38671875 0.40234375 0.03125 0.0390625
1 0.416015625 0.3671875 0.02734375 0.03125
1 0.44140625 0.400390625 0.03125 0.03515625
1 0.478515625 0.37109375 0.01953125 0.03125
1 0.505859375 0.40625 0.02734375 0.0390625
1 0.53515625 0.373046875 0.03125 0.03515625
1 0.5625 0.41015625 0.0234375 0.03125
1 0.58984375 0.37890625 0.03125 0.03125
1 0.625 0.41015625 0.03125 0.03125
1 0.66015625 0.376953125 0.0234375 0.03515625
1 0.6875 0.40234375 0.0234375 0.03125
1 0.71484375 0.375 0.03125 0.03125
1 0.748046875 0.4140625 0.02734375 0.03125
1 0.79296875 0.419921875 0.0390625 0.03515625
1 0.83203125 0.380859375 0.0234375 0.03515625
1 0.86328125 0.419921875 0.0234375 0.03515625
1 0.904296875 0.3828125 0.03515625 0.03125
1 0.921875 0.42578125 0.0234375 0.03125
1 0.94921875 0.392578125 0.03125 0.03515625
1 0.353515625 0.53125 0.04296875 0.03125
1 0.3828125 0.50390625 0.0234375 0.03125
1 0.41015625 0.537109375 0.0234375 0.02734375
1 0.439453125 0.50390625 0.02734375 0.03125
1 0.474609375 0.52734375 0.01953125 0.0234375
1 0.5 0.5078125 0.0234375 0.0390625
1 0.53125 0.533203125 0.03125 0.03515625
1 0.556640625 0.509765625 0.02734375 0.03515625
1 0.587890625 0.546875 0.02734375 0.0390625
1 0.615234375 0.509765625 0.02734375 0.04296875
1 0.642578125 0.546875 0.02734375 0.03125
1 0.67578125 0.515625 0.0234375 0.03125
1 0.701171875 0.5546875 0.03515625 0.046875
1 0.7265625 0.513671875 0.03125 0.03515625
1 0.759765625 0.5546875 0.03515625 0.03125
1 0.78515625 0.51953125 0.03125 0.03125
1 0.814453125 0.55859375 0.03515625 0.0390625
1 0.845703125 0.52734375 0.03515625 0.03125
1 0.876953125 0.556640625 0.03515625 0.03515625
1 0.90625 0.529296875 0.03125 0.03515625
1 0.931640625 0.568359375 0.03515625 0.03515625
1 0.962890625 0.53515625 0.02734375 0.03125
1 0.984375 0.57421875 0.03125 0.0390625
1 0.39453125 0.849609375 0.0234375 0.02734375
1 0.42578125 0.84765625 0.0234375 0.03125
1 0.458984375 0.8515625 0.01953125 0.03125
1 0.55859375 0.775390625 0.03125 0.02734375
1 0.623046875 0.7890625 0.01953125 0.0234375
1 0.638671875 0.787109375 0.01953125 0.02734375
1 0.66796875 0.775390625 0.0234375 0.01953125
1 0.6875 0.794921875 0.015625 0.02734375
1 0.703125 0.771484375 0.015625 0.01953125
1 0.720703125 0.796875 0.01953125 0.0234375
1 0.736328125 0.7734375 0.01953125 0.0234375
1 0.751953125 0.794921875 0.01953125 0.01953125
1 0.767578125 0.76953125 0.01953125 0.0234375
1 0.802734375 0.775390625 0.01953125 0.01953125
1 0.841796875 0.7734375 0.01953125 0.0234375
1 0.859375 0.796875 0.015625 0.0234375
1 0.880859375 0.77734375 0.01953125 0.0234375
1 0.939453125 0.798828125 0.02734375 0.01953125
1 0.95703125 0.779296875 0.0234375 0.01953125
1 0.98828125 0.779296875 0.0234375 0.01953125
1 0.9765625 0.802734375 0.0234375 0.01953125
1 0.830078125 0.861328125 0.02734375 0.02734375
1 0.859375 0.861328125 0.0234375 0.02734375
1 0.892578125 0.86328125 0.01953125 0.0234375
1 0.92578125 0.8671875 0.0234375 0.0234375
1 0.9609375 0.8671875 0.0234375 0.0234375
1 0.990234375 0.865234375 0.01953125 0.02734375
