0 0.958984375 0.65625 0.05859375 0.125
0 0.779296875 0.037109375 0.05078125 0.05078125
0 0.744140625 0.158203125 0.06640625 0.03515625
0 0.798828125 0.296875 0.07421875 0.03125
0 0.892578125 0.841796875 0.04296875 0.08203125
0 0.748046875 0.89453125 0.07421875 0.0546875
0 0.689453125 0.595703125 0.06640625 0.05859375
0 0.67578125 0.40625 0.0703125 0.046875
0 0.521484375 0.138671875 0.08984375 0.04296875
0 0.533203125 0.369140625 0.08984375 0.04296875
0 0.462890625 0.51171875 0.07421875 0.0390625
0 0.53125 0.755859375 0.0703125 0.05078125
0 0.361328125 0.7265625 0.08984375 0.03125
0 0.228515625 0.25 0.08203125 0.03125
0 0.1171875 0.13671875 0.078125 0.0390625
0 0.126953125 0.5546875 0.09765625 0.0234375
0 0.2578125 0.515625 0.078125 0.0390625
