3 0.125 0.05859375 0.1171875 0.109375
3 0.21875 0.1875 0.1171875 0.1328125
3 0.322265625 0.0703125 0.11328125 0.1328125
3 0.310546875 0.3203125 0.11328125 0.140625
3 0.412109375 0.212890625 0.12890625 0.13671875
3 0.390625 0.458984375 0.1328125 0.12109375
3 0.50390625 0.34765625 0.1171875 0.140625
3 0.486328125 0.587890625 0.11328125 0.12890625
3 0.59375 0.478515625 0.109375 0.12890625
3 0.57421875 0.728515625 0.1171875 0.13671875
3 0.68359375 0.615234375 0.1171875 0.13671875
3 0.775390625 0.75 0.11328125 0.125
3 0.556640625 0.064453125 0.13671875 0.12109375
3 0.755859375 0.0859375 0.11328125 0.1328125
3 0.640625 0.1953125 0.1328125 0.1328125
3 0.857421875 0.216796875 0.12109375 0.12890625
3 0.740234375 0.33203125 0.12109375 0.125
3 0.943359375 0.365234375 0.11328125 0.13671875
3 0.83203125 0.4765625 0.125 0.1171875
3 0.921875 0.599609375 0.1171875 0.12109375
