0 0.2587890625 0.4853515625 0.044921875 0.029296875
0 0.3388671875 0.35546875 0.044921875 0.0390625
0 0.0634765625 0.3525390625 0.044921875 0.029296875
0 0.5205078125 0.162109375 0.052734375 0.03515625
0 0.6826171875 0.041015625 0.056640625 0.03515625
0 0.68359375 0.3359375 0.0546875 0.02734375
0 0.88671875 0.1875 0.05859375 0.0234375
0 0.90234375 0.3466796875 0.0625 0.044921875
0 0.9033203125 0.4521484375 0.033203125 0.033203125
0 0.6328125 0.8701171875 0.01171875 0.044921875
0 0.8154296875 0.7412109375 0.310546875 0.181640625
0 0.4482421875 0.9091796875 0.134765625 0.095703125
