3 0.009765625 0.6669921875 0.015625 0.068359375
3 0.029296875 0.7333984375 0.0546875 0.064453125
3 0.00390625 0.7841796875 0.00390625 0.060546875
3 0.076171875 0.7958984375 0.0546875 0.064453125
3 0.0283203125 0.84765625 0.052734375 0.0703125
3 0.072265625 0.0986328125 0.05859375 0.056640625
3 0.13671875 0.0859375 0.0625 0.0703125
3 0.2041015625 0.0712890625 0.060546875 0.072265625
3 0.0830078125 0.185546875 0.060546875 0.05859375
3 0.15234375 0.1669921875 0.06640625 0.064453125
3 0.224609375 0.1552734375 0.0703125 0.072265625
