0 0.099609375 0.880859375 0.14453125 0.12890625
3 0.47265625 0.63671875 0.0703125 0.0859375
3 0.55078125 0.669921875 0.0703125 0.08984375
3 0.62890625 0.708984375 0.0703125 0.08203125
3 0.720703125 0.736328125 0.06640625 0.07421875
3 0.814453125 0.76953125 0.06640625 0.0703125
3 0.7734375 0.857421875 0.0703125 0.07421875
3 0.693359375 0.826171875 0.07421875 0.07421875
3 0.595703125 0.7890625 0.07421875 0.078125
3 0.51953125 0.76171875 0.0703125 0.078125
3 0.44140625 0.728515625 0.0703125 0.07421875
3 0.771484375 0.943359375 0.06640625 0.06640625
3 0.685546875 0.90625 0.08203125 0.078125
3 0.392578125 0.892578125 0.07421875 0.08203125
3 0.3671875 0.974609375 0.0703125 0.05078125
3 0.556640625 0.962890625 0.05859375 0.07421875
3 0.486328125 0.921875 0.07421875 0.0703125
