2 0.1298828125 0.1259765625 0.068359375 0.037109375
2 0.373046875 0.119140625 0.109375 0.08984375
2 0.6298828125 0.119140625 0.076171875 0.0625
2 0.8798828125 0.1220703125 0.072265625 0.068359375
2 0.126953125 0.373046875 0.07421875 0.07421875
2 0.373046875 0.37109375 0.08203125 0.08203125
2 0.6240234375 0.373046875 0.064453125 0.078125
2 0.8720703125 0.37109375 0.064453125 0.08203125
2 0.1240234375 0.62890625 0.052734375 0.0625
2 0.3759765625 0.630859375 0.044921875 0.05078125
2 0.623046875 0.6357421875 0.04296875 0.044921875
2 0.869140625 0.6298828125 0.04296875 0.048828125
2 0.119140625 0.875 0.05078125 0.06640625
2 0.3701171875 0.876953125 0.048828125 0.06640625
2 0.62109375 0.8837890625 0.05859375 0.068359375
2 0.86328125 0.8818359375 0.06640625 0.076171875
