3 0.6640625 0.837890625 0.03125 0.03515625
3 0.6953125 0.806640625 0.03125 0.03515625
3 0.7421875 0.791015625 0.03125 0.03515625
3 0.7109375 0.775390625 0.03125 0.03515625
5 0.447265625 0.583984375 0.15234375 0.04296875
5 0.376953125 0.130859375 0.08984375 0.04296875
5 0.330078125 0.03125 0.08203125 0.0625
5 0.66015625 0.1640625 0.0703125 0.03125
5 0.69140625 0.044921875 0.109375 0.03515625
5 0.921875 0.6875 0.03125 0.0703125
3 0.736328125 0.818359375 0.03515625 0.03515625
3 0.185546875 0.087890625 0.02734375 0.02734375
3 0.154296875 0.087890625 0.02734375 0.02734375
3 0.228515625 0.134765625 0.02734375 0.02734375
3 0.865234375 0.8359375 0.02734375 0.0234375
3 0.873046875 0.796875 0.02734375 0.0234375
3 0.923828125 0.9453125 0.01953125 0.0234375
3 0.90234375 0.951171875 0.0234375 0.02734375
3 0.931640625 0.91796875 0.02734375 0.03125
3 0.9296875 0.890625 0.0234375 0.0234375
3 0.951171875 0.876953125 0.01953125 0.01953125
3 0.921875 0.826171875 0.03125 0.02734375
