3 0.34375 0.33984375 0.03125 0.03125
3 0.27734375 0.3671875 0.03125 0.03125
3 0.21875 0.3984375 0.03125 0.03125
3 0.1640625 0.421875 0.03125 0.03125
3 0.0234375 0.41796875 0.03125 0.03125
3 0.125 0.458984375 0.03125 0.02734375
3 0.208984375 0.45703125 0.03515625 0.03125
3 0.275390625 0.427734375 0.03515625 0.02734375
3 0.05859375 0.572265625 0.03125 0.03515625
3 0.15234375 0.568359375 0.0390625 0.03515625
3 0.212890625 0.572265625 0.04296875 0.03515625
3 0.0625 0.611328125 0.0234375 0.02734375
3 0.126953125 0.705078125 0.02734375 0.03515625
3 0.20703125 0.705078125 0.03125 0.02734375
4 0.8046875 0.333984375 0.0234375 0.03515625
4 0.384765625 0.041015625 0.03515625 0.01953125
