0 0.5390625 0.185546875 0.1953125 0.19140625
0 0.36328125 0.380859375 0.140625 0.13671875
3 0.6171875 0.599609375 0.09375 0.08984375
3 0.7109375 0.53125 0.109375 0.09375
3 0.677734375 0.681640625 0.08984375 0.09765625
3 0.775390625 0.615234375 0.09765625 0.08984375
3 0.8359375 0.70703125 0.09375 0.0859375
3 0.748046875 0.787109375 0.09765625 0.09765625
3 0.62109375 0.873046875 0.15625 0.12109375
3 0.494140625 0.943359375 0.12890625 0.11328125
3 0.685546875 0.95703125 0.12109375 0.0859375
3 0.80859375 0.873046875 0.1171875 0.11328125
3 0.923828125 0.791015625 0.13671875 0.12109375
3 0.896484375 0.958984375 0.14453125 0.08203125
3 0.880859375 0.359375 0.11328125 0.109375
3 0.955078125 0.248046875 0.08984375 0.11328125
