2 0.1259765625 0.1201171875 0.080078125 0.087890625
2 0.376953125 0.123046875 0.07421875 0.07421875
2 0.626953125 0.12109375 0.0859375 0.078125
2 0.87890625 0.1220703125 0.08203125 0.068359375
2 0.1259765625 0.3759765625 0.083984375 0.048828125
2 0.3759765625 0.375 0.083984375 0.04296875
2 0.625 0.376953125 0.078125 0.02734375
2 0.8701171875 0.376953125 0.087890625 0.03515625
2 0.12109375 0.6259765625 0.08203125 0.033203125
2 0.373046875 0.626953125 0.08984375 0.046875
2 0.6220703125 0.6279296875 0.083984375 0.048828125
2 0.875 0.6240234375 0.08984375 0.060546875
2 0.126953125 0.875 0.09375 0.06640625
2 0.3759765625 0.8759765625 0.091796875 0.076171875
2 0.623046875 0.873046875 0.09375 0.08203125
2 0.8759765625 0.8740234375 0.095703125 0.087890625
