2 0.1142578125 0.125 0.060546875 0.08203125
2 0.37109375 0.1279296875 0.05078125 0.060546875
2 0.6181640625 0.1240234375 0.048828125 0.076171875
2 0.8740234375 0.1298828125 0.048828125 0.076171875
2 0.119140625 0.3798828125 0.05078125 0.076171875
2 0.37109375 0.3681640625 0.05859375 0.080078125
2 0.6220703125 0.369140625 0.068359375 0.08203125
2 0.87109375 0.3662109375 0.06640625 0.076171875
2 0.119140625 0.6181640625 0.06640625 0.076171875
2 0.369140625 0.61328125 0.06640625 0.07421875
2 0.6220703125 0.6162109375 0.080078125 0.072265625
2 0.87109375 0.615234375 0.078125 0.05859375
2 0.12109375 0.8642578125 0.09375 0.064453125
2 0.3740234375 0.8623046875 0.083984375 0.052734375
2 0.623046875 0.8642578125 0.0859375 0.048828125
2 0.873046875 0.865234375 0.078125 0.0390625
