0 0.212890625 0.98046875 0.12109375 0.0390625
0 0.32421875 0.865234375 0.1015625 0.08984375
0 0.392578125 0.568359375 0.15234375 0.12890625
0 0.55859375 0.3828125 0.109375 0.1015625
0 0.201171875 0.65625 0.10546875 0.1171875
0 0.134765625 0.86328125 0.07421875 0.0703125
0 0.416015625 0.353515625 0.08984375 0.09765625
0 0.521484375 0.66015625 0.08984375 0.1328125
0 0.857421875 0.255859375 0.06640625 0.12109375
0 0.63671875 0.427734375 0.1015625 0.10546875
0 0.263671875 0.404296875 0.11328125 0.08984375
