0 0.1405 0.4485 0.279 0.073
0 0.183 0.41250000000000003 0.292 0.047
0 0.184 0.3595 0.32 0.08700000000000001
0 0.1945 0.313 0.295 0.09
0 0.202 0.2765 0.262 0.077
0 0.20400000000000001 0.23500000000000001 0.296 0.08600000000000001
0 0.2245 0.20550000000000002 0.281 0.07100000000000001
0 0.253 0.0425 0.2 0.041
0 0.2325 0.181 0.189 0.064
0 0.243 0.13 0.18 0.062
0 0.305 0.0885 0.198 0.039
0 0.604 0.14 0.36 0.07
0 0.5700000000000001 0.2135 0.308 0.097
0 0.6035 0.1945 0.34500000000000003 0.085
0 0.5205 0.3235 0.295 0.065
0 0.49 0.405 0.23800000000000002 0.044
0 0.5055000000000001 0.3715 0.245 0.047
0 0.46900000000000003 0.4485 0.214 0.035
0 0.421 0.5750000000000001 0.214 0.06
0 0.4915 0.514 0.243 0.046
0 0.47950000000000004 0.4805 0.223 0.025
0 0.4395 0.6155 0.241 0.063
