0 0.043750000000000004 0.7025 0.0175 0.0175
0 0.211875 0.959375 0.02375 0.02125
0 0.015625 0.5906250000000001 0.00875 0.01625
0 0.0075 0.3 0.015 0.035
0 0.038125 0.791875 0.01625 0.01875
0 0.014375 0.07625 0.00875 0.0275
0 0.0925 0.17500000000000002 0.0075 0.02
0 0.04875 0.12687500000000002 0.0075 0.01625
0 0.06125 0.196875 0.01 0.02375
0 0.036875 0.36312500000000003 0.00875 0.02375
0 0.084375 0.57625 0.00875 0.0125
0 0.039375 0.83125 0.01625 0.0175
0 0.076875 0.0475 0.01875 0.035
0 0.09625 0.745 0.02 0.0225
0 0.04125 0.39687500000000003 0.01 0.02375
0 0.02 0.465625 0.01 0.02375
0 0.233125 0.83375 0.01125 0.0125
0 0.096875 0.199375 0.01125 0.01625
0 0.01125 0.169375 0.01 0.03625
0 0.13125 0.1275 0.0075 0.01
0 0.11125 0.110625 0.0075 0.01375
0 0.11812500000000001 0.15812500000000002 0.00875 0.01625
0 0.07625 0.094375 0.01 0.02375
0 0.12 0.143125 0.0075 0.01125
0 0.0375 0.233125 0.015 0.02875
0 0.045 0.235625 0.0125 0.02375
0 0.0525 0.23625000000000002 0.015 0.025
0 0.0075 0.86375 0.015 0.02
0 0.014375 0.9875 0.01875 0.0175
