1 0.265625 0.03794642857142857 0.1919642857142857 0.07589285714285714
1 0.25669642857142855 0.22991071428571427 0.18303571428571427 0.14732142857142858
1 0.26339285714285715 0.6763392857142857 0.1875 0.13839285714285712
1 0.25 0.9084821428571428 0.1875 0.1294642857142857
1 0.7321428571428571 0.453125 0.1875 0.14732142857142858
1 0.9196428571428571 0.32589285714285715 0.14285714285714285 0.125
1 0.90625 0.5647321428571428 0.17857142857142855 0.12053571428571427
1 0.7276785714285714 0.6808035714285714 0.17857142857142855 0.16517857142857142
1 0.9040178571428571 0.7834821428571428 0.18303571428571427 0.13839285714285712
1 0.7209821428571428 0.9084821428571428 0.1919642857142857 0.15625
