3 0.908203125 0.041015625 0.09765625 0.07421875
3 0.80078125 0.158203125 0.1171875 0.13671875
3 0.876953125 0.275390625 0.12109375 0.12109375
3 0.6796875 0.212890625 0.109375 0.12109375
3 0.59375 0.326171875 0.09375 0.09765625
3 0.548828125 0.416015625 0.08984375 0.09765625
3 0.65625 0.46484375 0.109375 0.1015625
3 0.6875 0.36328125 0.1015625 0.09375
3 0.546875 0.134765625 0.1015625 0.10546875
3 0.4375 0.1171875 0.09375 0.1015625
3 0.419921875 0.2578125 0.08203125 0.1015625
3 0.41796875 0.37109375 0.109375 0.109375
3 0.32421875 0.2421875 0.109375 0.0859375
3 0.306640625 0.34765625 0.09765625 0.09375
3 0.1640625 0.32421875 0.09375 0.09375
3 0.17578125 0.21484375 0.0859375 0.09375
3 0.228515625 0.091796875 0.09765625 0.11328125
3 0.3359375 0.107421875 0.09375 0.10546875
