0 0.9185 0.12 0.161 0.044
0 0.923 0.17 0.152 0.042
0 0.9385 0.2225 0.121 0.035
0 0.9390000000000001 0.26 0.12 0.046
0 0.805 0.23700000000000002 0.12 0.05
0 0.869 0.316 0.26 0.09
0 0.7665000000000001 0.555 0.147 0.062
0 0.8180000000000001 0.519 0.154 0.06
0 0.8625 0.436 0.151 0.062
0 0.8310000000000001 0.4855 0.134 0.073
0 0.9115 0.6665 0.17500000000000002 0.079
0 0.8685 0.7020000000000001 0.23900000000000002 0.1
0 0.8565 0.7825 0.28500000000000003 0.077
0 0.7835 0.8475 0.191 0.057
0 0.793 0.931 0.17200000000000001 0.048
0 0.791 0.897 0.18 0.046
0 0.92 0.5945 0.158 0.057
0 0.811 0.98 0.18 0.036000000000000004
