3 0.458984375 0.470703125 0.03515625 0.02734375
3 0.390625 0.498046875 0.03125 0.02734375
3 0.3359375 0.529296875 0.03125 0.02734375
3 0.28125 0.548828125 0.0234375 0.02734375
3 0.240234375 0.58984375 0.02734375 0.0234375
3 0.322265625 0.587890625 0.02734375 0.02734375
3 0.392578125 0.560546875 0.03515625 0.02734375
3 0.326171875 0.69921875 0.03515625 0.03125
3 0.265625 0.703125 0.046875 0.0390625
3 0.1796875 0.703125 0.03125 0.03125
3 0.1796875 0.7421875 0.0234375 0.0234375
3 0.322265625 0.833984375 0.02734375 0.01953125
3 0.244140625 0.833984375 0.03515625 0.02734375
3 0.21875 0.78125 0.03125 0.0234375
3 0.294921875 0.76953125 0.01953125 0.015625
3 0.26953125 0.771484375 0.0234375 0.01953125
3 0.29296875 0.791015625 0.0234375 0.01171875
3 0.267578125 0.79296875 0.02734375 0.015625
4 0.501953125 0.173828125 0.02734375 0.01953125
4 0.919921875 0.46875 0.01953125 0.03125
