3 0.93359375 0.802734375 0.0390625 0.03515625
3 0.857421875 0.8046875 0.03515625 0.03125
3 0.78515625 0.806640625 0.0390625 0.03515625
3 0.712890625 0.80859375 0.04296875 0.03125
3 0.57421875 0.814453125 0.0390625 0.03515625
3 0.50390625 0.814453125 0.0390625 0.02734375
3 0.435546875 0.8125 0.03515625 0.03125
3 0.375 0.814453125 0.03125 0.03515625
3 0.943359375 0.859375 0.02734375 0.03125
3 0.884765625 0.86328125 0.02734375 0.0234375
3 0.82421875 0.8671875 0.03125 0.0234375
3 0.765625 0.861328125 0.0234375 0.01953125
3 0.705078125 0.8671875 0.02734375 0.0234375
3 0.564453125 0.8671875 0.02734375 0.0234375
3 0.505859375 0.87109375 0.02734375 0.0234375
3 0.642578125 0.87109375 0.03515625 0.0234375
3 0.439453125 0.869140625 0.02734375 0.02734375
3 0.373046875 0.87109375 0.03515625 0.0234375
3 0.375 0.919921875 0.03125 0.02734375
3 0.443359375 0.919921875 0.02734375 0.01953125
3 0.947265625 0.908203125 0.02734375 0.01953125
3 0.884765625 0.90625 0.02734375 0.0234375
3 0.83203125 0.908203125 0.0390625 0.01953125
3 0.76953125 0.91015625 0.0390625 0.0234375
3 0.705078125 0.91015625 0.03515625 0.0234375
3 0.64453125 0.912109375 0.03125 0.03515625
3 0.955078125 0.94921875 0.03515625 0.0234375
3 0.91015625 0.953125 0.0234375 0.0234375
3 0.859375 0.953125 0.03125 0.0234375
3 0.8203125 0.953125 0.03125 0.0234375
3 0.7734375 0.953125 0.03125 0.0234375
3 0.728515625 0.953125 0.02734375 0.0234375
3 0.68359375 0.955078125 0.0234375 0.02734375
3 0.638671875 0.95703125 0.02734375 0.0234375
3 0.638671875 0.986328125 0.02734375 0.01953125
