2 0.1201171875 0.1240234375 0.072265625 0.095703125
2 0.373046875 0.125 0.08203125 0.09765625
2 0.626953125 0.1259765625 0.08203125 0.083984375
2 0.875 0.126953125 0.08203125 0.0859375
2 0.1259765625 0.380859375 0.095703125 0.08984375
2 0.37109375 0.37109375 0.09765625 0.08984375
2 0.6201171875 0.37890625 0.087890625 0.0625
2 0.8720703125 0.3798828125 0.087890625 0.072265625
2 0.1181640625 0.6279296875 0.095703125 0.076171875
2 0.3720703125 0.6298828125 0.091796875 0.060546875
2 0.619140625 0.6279296875 0.08203125 0.048828125
2 0.8720703125 0.6298828125 0.083984375 0.033203125
2 0.1171875 0.87890625 0.08984375 0.046875
2 0.3681640625 0.8798828125 0.099609375 0.048828125
2 0.6201171875 0.8779296875 0.083984375 0.052734375
2 0.8701171875 0.87890625 0.083984375 0.05859375
