3 0.14453125 0.109375 0.125 0.109375
3 0.3125 0.14453125 0.1171875 0.109375
3 0.455078125 0.091796875 0.11328125 0.11328125
3 0.59765625 0.458984375 0.09375 0.09765625
3 0.70703125 0.478515625 0.09375 0.08984375
3 0.8125 0.494140625 0.0859375 0.08984375
3 0.923828125 0.5078125 0.10546875 0.0859375
3 0.958984375 0.6953125 0.08203125 0.0859375
3 0.794921875 0.630859375 0.08203125 0.08203125
3 0.69140625 0.625 0.109375 0.1015625
3 0.541015625 0.58984375 0.08203125 0.0859375
3 0.53125 0.69140625 0.09375 0.0859375
3 0.669921875 0.712890625 0.08984375 0.08984375
3 0.7890625 0.73046875 0.1171875 0.1015625
3 0.919921875 0.787109375 0.09765625 0.08984375
3 0.58203125 0.232421875 0.09375 0.09765625
3 0.6953125 0.248046875 0.1015625 0.08203125
3 0.572265625 0.333984375 0.09765625 0.08984375
3 0.6796875 0.341796875 0.1015625 0.08984375
