3 0.44140625 0.193359375 0.0546875 0.05078125
3 0.421875 0.25 0.0390625 0.03125
3 0.32421875 0.087890625 0.0390625 0.03515625
3 0.162109375 0.04296875 0.04296875 0.0390625
3 0.1640625 0.083984375 0.0390625 0.03515625
3 0.16015625 0.125 0.046875 0.0390625
3 0.095703125 0.08203125 0.04296875 0.0390625
3 0.1015625 0.125 0.0390625 0.03125
3 0.060546875 0.1015625 0.02734375 0.03125
3 0.013671875 0.095703125 0.03515625 0.03515625
3 0.11328125 0.267578125 0.046875 0.04296875
3 0.12890625 0.322265625 0.0390625 0.03515625
3 0.11328125 0.37890625 0.0390625 0.046875
3 0.1640625 0.388671875 0.0390625 0.04296875
3 0.1015625 0.197265625 0.0234375 0.01953125
3 0.1015625 0.220703125 0.0234375 0.01953125
3 0.294921875 0.16015625 0.02734375 0.0234375
3 0.30078125 0.224609375 0.03125 0.02734375
3 0.3046875 0.251953125 0.0234375 0.01953125
