3 0.05078125 0.439453125 0.09375 0.13671875
3 0.173828125 0.40625 0.10546875 0.125
3 0.32421875 0.36328125 0.125 0.1328125
3 0.48046875 0.3359375 0.140625 0.1484375
3 0.05859375 0.603515625 0.109375 0.12890625
3 0.197265625 0.572265625 0.12109375 0.13671875
3 0.369140625 0.541015625 0.13671875 0.12890625
3 0.50390625 0.501953125 0.1171875 0.13671875
3 0.076171875 0.7734375 0.13671875 0.1328125
3 0.216796875 0.7421875 0.13671875 0.1328125
3 0.388671875 0.69921875 0.12890625 0.140625
3 0.525390625 0.67578125 0.12890625 0.1328125
