2 0.037109375 0.4033203125 0.0625 0.091796875
2 0.1015625 0.3642578125 0.0859375 0.142578125
2 0.2373046875 0.275390625 0.072265625 0.109375
2 0.048828125 0.7421875 0.09765625 0.09375
2 0.1123046875 0.6982421875 0.119140625 0.095703125
2 0.1884765625 0.6708984375 0.103515625 0.080078125
2 0.3154296875 0.591796875 0.123046875 0.09375
2 0.380859375 0.5625 0.11328125 0.0859375
2 0.5009765625 0.5 0.107421875 0.09375
2 0.2900390625 0.2724609375 0.060546875 0.083984375
2 0.3623046875 0.2275390625 0.056640625 0.138671875
