3 0.533203125 0.521484375 0.03515625 0.02734375
3 0.6015625 0.494140625 0.03125 0.02734375
3 0.65625 0.462890625 0.03125 0.02734375
3 0.7109375 0.443359375 0.0234375 0.02734375
3 0.751953125 0.40234375 0.02734375 0.0234375
3 0.669921875 0.404296875 0.02734375 0.02734375
3 0.599609375 0.431640625 0.03515625 0.02734375
3 0.666015625 0.29296875 0.03515625 0.03125
3 0.7265625 0.2890625 0.046875 0.0390625
3 0.8125 0.2890625 0.03125 0.03125
3 0.8125 0.25 0.0234375 0.0234375
3 0.669921875 0.158203125 0.02734375 0.01953125
3 0.748046875 0.158203125 0.03515625 0.02734375
3 0.7734375 0.2109375 0.03125 0.0234375
3 0.697265625 0.22265625 0.01953125 0.015625
3 0.72265625 0.220703125 0.0234375 0.01953125
3 0.69921875 0.201171875 0.0234375 0.01171875
3 0.724609375 0.19921875 0.02734375 0.015625
4 0.490234375 0.818359375 0.02734375 0.01953125
4 0.072265625 0.5234375 0.01953125 0.03125
