3 0.7529296875 0.2880859375 0.060546875 0.060546875
3 0.7939453125 0.2236328125 0.064453125 0.068359375
3 0.853515625 0.166015625 0.0625 0.06640625
3 0.9013671875 0.1103515625 0.060546875 0.072265625
3 0.96875 0.1162109375 0.0625 0.076171875
3 0.57421875 0.25390625 0.05859375 0.0546875
3 0.5732421875 0.1748046875 0.056640625 0.068359375
3 0.63671875 0.1708984375 0.05859375 0.068359375
3 0.703125 0.158203125 0.0625 0.0703125
3 0.509765625 0.0947265625 0.06640625 0.068359375
3 0.564453125 0.0380859375 0.0625 0.064453125
3 0.640625 0.052734375 0.06640625 0.06640625
