3 0.75 0.07421875 0.109375 0.125
3 0.8828125 0.126953125 0.1171875 0.12890625
3 0.818359375 0.25390625 0.11328125 0.125
3 0.689453125 0.201171875 0.11328125 0.12109375
3 0.55859375 0.138671875 0.125 0.12109375
3 0.373046875 0.302734375 0.10546875 0.09765625
3 0.48828125 0.271484375 0.1171875 0.10546875
3 0.59375 0.314453125 0.09375 0.09765625
3 0.705078125 0.361328125 0.10546875 0.10546875
3 0.533203125 0.404296875 0.09765625 0.09765625
3 0.646484375 0.451171875 0.11328125 0.10546875
3 0.42578125 0.533203125 0.1171875 0.13671875
3 0.501953125 0.650390625 0.12109375 0.12109375
3 0.3046875 0.587890625 0.109375 0.12109375
3 0.21875 0.701171875 0.09375 0.09765625
3 0.173828125 0.791015625 0.08984375 0.09765625
3 0.28125 0.83984375 0.109375 0.1015625
3 0.3125 0.73828125 0.1015625 0.09375
3 0.171875 0.509765625 0.1015625 0.10546875
3 0.0625 0.4921875 0.09375 0.1015625
3 0.044921875 0.6328125 0.08203125 0.1015625
3 0.05078125 0.74609375 0.09375 0.109375
